# BEGIN PLOT
LegendOnly=//afs/cern.ch/user/d/dsatco/herbvi6500/yoda_files/40TeV_iproc7099_20t_ev.yoda/MC_MET/met_calo //afs/cern.ch/user/d/dsatco/herbvi6500/yoda_files/40TeV_iproc7099_ct14nlo.yoda/MC_MET/met_calo //afs/cern.ch/user/d/dsatco/herbvi6500/yoda_files/40TeV_iproc7099_mmht2014.yoda/MC_MET/met_calo //afs/cern.ch/user/d/dsatco/herbvi6500/yoda_files/40TeV_iproc7099_nnpdf30.yoda/MC_MET/met_calo
DrawOnly=//afs/cern.ch/user/d/dsatco/herbvi6500/yoda_files/40TeV_iproc7099_20t_ev.yoda/MC_MET/met_calo //afs/cern.ch/user/d/dsatco/herbvi6500/yoda_files/40TeV_iproc7099_ct14nlo.yoda/MC_MET/met_calo //afs/cern.ch/user/d/dsatco/herbvi6500/yoda_files/40TeV_iproc7099_mmht2014.yoda/MC_MET/met_calo //afs/cern.ch/user/d/dsatco/herbvi6500/yoda_files/40TeV_iproc7099_nnpdf30.yoda/MC_MET/met_calo
Title=Vector missing $E_T$ in calo acceptance
RatioPlotReference=//afs/cern.ch/user/d/dsatco/herbvi6500/yoda_files/40TeV_iproc7099_20t_ev.yoda/MC_MET/met_calo
RatioPlot=1
LogY=1
RatioPlotYLabel=Ratio
XLabel=Vector missing $E_T$ [GeV]
YLabel=$1/\sigma \, \mathrm{d}\sigma / \mathrm{d}\sum E_T$ [GeV$^{-1}$]
Legend=1
# END PLOT

# BEGIN HISTO1D //afs/cern.ch/user/d/dsatco/herbvi6500/yoda_files/40TeV_iproc7099_20t_ev.yoda/MC_MET/met_calo
ErrorBars=1
LineColor=red
LineStyle=solid
Path=//afs/cern.ch/user/d/dsatco/herbvi6500/yoda_files/40TeV_iproc7099_20t_ev.yoda/MC_MET/met_calo
ScaledBy=5.00000000000000024e-05
Title=mstw1998
XLabel=
YLabel=
# xlow	 xhigh	 val	 errminus	 errplus
1.000000e+00	1.181779e+00	0.000000e+00	0.000000e+00	0.000000e+00
1.181779e+00	1.396602e+00	0.000000e+00	0.000000e+00	0.000000e+00
1.396602e+00	1.650476e+00	0.000000e+00	0.000000e+00	0.000000e+00
1.650476e+00	1.950498e+00	0.000000e+00	0.000000e+00	0.000000e+00
1.950498e+00	2.305058e+00	0.000000e+00	0.000000e+00	0.000000e+00
2.305058e+00	2.724070e+00	0.000000e+00	0.000000e+00	0.000000e+00
2.724070e+00	3.219249e+00	0.000000e+00	0.000000e+00	0.000000e+00
3.219249e+00	3.804442e+00	0.000000e+00	0.000000e+00	0.000000e+00
3.804442e+00	4.496011e+00	0.000000e+00	0.000000e+00	0.000000e+00
4.496011e+00	5.313293e+00	0.000000e+00	0.000000e+00	0.000000e+00
5.313293e+00	6.279139e+00	0.000000e+00	0.000000e+00	0.000000e+00
6.279139e+00	7.420557e+00	0.000000e+00	0.000000e+00	0.000000e+00
7.420557e+00	8.769461e+00	7.413426e-05	5.242084e-05	5.242084e-05
8.769461e+00	1.036357e+01	6.273097e-05	4.435749e-05	4.435749e-05
1.036357e+01	1.224745e+01	0.000000e+00	0.000000e+00	0.000000e+00
1.224745e+01	1.447378e+01	0.000000e+00	0.000000e+00	0.000000e+00
1.447378e+01	1.710481e+01	0.000000e+00	0.000000e+00	0.000000e+00
1.710481e+01	2.021412e+01	6.432295e-05	3.216148e-05	3.216148e-05
2.021412e+01	2.388862e+01	5.442917e-05	2.721459e-05	2.721459e-05
2.388862e+01	2.823108e+01	5.757105e-05	2.574656e-05	2.574656e-05
2.823108e+01	3.336291e+01	6.820179e-05	2.577785e-05	2.577785e-05
3.336291e+01	3.942759e+01	1.154224e-04	3.084794e-05	3.084794e-05
3.942759e+01	4.659471e+01	9.766824e-05	2.610294e-05	2.610294e-05
4.659471e+01	5.506467e+01	8.264502e-05	2.208781e-05	2.208781e-05
5.506467e+01	6.507428e+01	9.490879e-05	2.177357e-05	2.177357e-05
6.507428e+01	7.690344e+01	1.352590e-04	2.391063e-05	2.391063e-05
7.690344e+01	9.088289e+01	1.430671e-04	2.262090e-05	2.262090e-05
9.088289e+01	1.074035e+02	1.785648e-04	2.324716e-05	2.324716e-05
1.074035e+02	1.269273e+02	2.048781e-04	2.290607e-05	2.290607e-05
1.269273e+02	1.500000e+02	2.968877e-04	2.536482e-05	2.536482e-05
# END HISTO1D

# BEGIN HISTO1D //afs/cern.ch/user/d/dsatco/herbvi6500/yoda_files/40TeV_iproc7099_ct14nlo.yoda/MC_MET/met_calo
ErrorBars=1
LineColor=blue
LineStyle=solid
Path=//afs/cern.ch/user/d/dsatco/herbvi6500/yoda_files/40TeV_iproc7099_ct14nlo.yoda/MC_MET/met_calo
ScaledBy=5.00000000000000024e-05
Title=ct14nlo
XLabel=
YLabel=
# xlow	 xhigh	 val	 errminus	 errplus
1.000000e+00	1.181779e+00	0.000000e+00	0.000000e+00	0.000000e+00
1.181779e+00	1.396602e+00	0.000000e+00	0.000000e+00	0.000000e+00
1.396602e+00	1.650476e+00	0.000000e+00	0.000000e+00	0.000000e+00
1.650476e+00	1.950498e+00	0.000000e+00	0.000000e+00	0.000000e+00
1.950498e+00	2.305058e+00	0.000000e+00	0.000000e+00	0.000000e+00
2.305058e+00	2.724070e+00	0.000000e+00	0.000000e+00	0.000000e+00
2.724070e+00	3.219249e+00	0.000000e+00	0.000000e+00	0.000000e+00
3.219249e+00	3.804442e+00	8.544190e-05	8.544190e-05	8.544190e-05
3.804442e+00	4.496011e+00	0.000000e+00	0.000000e+00	0.000000e+00
4.496011e+00	5.313293e+00	0.000000e+00	0.000000e+00	0.000000e+00
5.313293e+00	6.279139e+00	5.176809e-05	5.176809e-05	5.176809e-05
6.279139e+00	7.420557e+00	0.000000e+00	0.000000e+00	0.000000e+00
7.420557e+00	8.769461e+00	0.000000e+00	0.000000e+00	0.000000e+00
8.769461e+00	1.036357e+01	0.000000e+00	0.000000e+00	0.000000e+00
1.036357e+01	1.224745e+01	0.000000e+00	0.000000e+00	0.000000e+00
1.224745e+01	1.447378e+01	4.491697e-05	3.176109e-05	3.176109e-05
1.447378e+01	1.710481e+01	1.900396e-05	1.900396e-05	1.900396e-05
1.710481e+01	2.021412e+01	6.432295e-05	3.216148e-05	3.216148e-05
2.021412e+01	2.388862e+01	2.721459e-05	1.924362e-05	1.924362e-05
2.388862e+01	2.823108e+01	4.605684e-05	2.302842e-05	2.302842e-05
2.823108e+01	3.336291e+01	4.871557e-05	2.178626e-05	2.178626e-05
3.336291e+01	3.942759e+01	8.244458e-05	2.607127e-05	2.607127e-05
3.942759e+01	4.659471e+01	6.278673e-05	2.092891e-05	2.092891e-05
4.659471e+01	5.506467e+01	9.445145e-05	2.361286e-05	2.361286e-05
5.506467e+01	6.507428e+01	9.490879e-05	2.177357e-05	2.177357e-05
6.507428e+01	7.690344e+01	1.648469e-04	2.639662e-05	2.639662e-05
7.690344e+01	9.088289e+01	1.609505e-04	2.399309e-05	2.399309e-05
9.088289e+01	1.074035e+02	1.846179e-04	2.363790e-05	2.363790e-05
1.074035e+02	1.269273e+02	2.151221e-04	2.347174e-05	2.347174e-05
1.269273e+02	1.500000e+02	2.838853e-04	2.480317e-05	2.480317e-05
# END HISTO1D

# BEGIN HISTO1D //afs/cern.ch/user/d/dsatco/herbvi6500/yoda_files/40TeV_iproc7099_mmht2014.yoda/MC_MET/met_calo
ErrorBars=1
LineColor=green
LineStyle=solid
Path=//afs/cern.ch/user/d/dsatco/herbvi6500/yoda_files/40TeV_iproc7099_mmht2014.yoda/MC_MET/met_calo
ScaledBy=5.00000000000000024e-05
Title=mmht2014
XLabel=
YLabel=
# xlow	 xhigh	 val	 errminus	 errplus
1.000000e+00	1.181779e+00	0.000000e+00	0.000000e+00	0.000000e+00
1.181779e+00	1.396602e+00	0.000000e+00	0.000000e+00	0.000000e+00
1.396602e+00	1.650476e+00	0.000000e+00	0.000000e+00	0.000000e+00
1.650476e+00	1.950498e+00	0.000000e+00	0.000000e+00	0.000000e+00
1.950498e+00	2.305058e+00	1.410199e-04	1.410199e-04	1.410199e-04
2.305058e+00	2.724070e+00	0.000000e+00	0.000000e+00	0.000000e+00
2.724070e+00	3.219249e+00	0.000000e+00	0.000000e+00	0.000000e+00
3.219249e+00	3.804442e+00	0.000000e+00	0.000000e+00	0.000000e+00
3.804442e+00	4.496011e+00	0.000000e+00	0.000000e+00	0.000000e+00
4.496011e+00	5.313293e+00	0.000000e+00	0.000000e+00	0.000000e+00
5.313293e+00	6.279139e+00	0.000000e+00	0.000000e+00	0.000000e+00
6.279139e+00	7.420557e+00	0.000000e+00	0.000000e+00	0.000000e+00
7.420557e+00	8.769461e+00	1.112014e-04	6.420215e-05	6.420215e-05
8.769461e+00	1.036357e+01	0.000000e+00	0.000000e+00	0.000000e+00
1.036357e+01	1.224745e+01	5.308194e-05	3.753460e-05	3.753460e-05
1.224745e+01	1.447378e+01	0.000000e+00	0.000000e+00	0.000000e+00
1.447378e+01	1.710481e+01	0.000000e+00	0.000000e+00	0.000000e+00
1.710481e+01	2.021412e+01	3.216148e-05	2.274160e-05	2.274160e-05
2.021412e+01	2.388862e+01	6.803647e-05	3.042683e-05	3.042683e-05
2.388862e+01	2.823108e+01	6.908527e-05	2.820394e-05	2.820394e-05
2.823108e+01	3.336291e+01	3.897245e-05	1.948623e-05	1.948623e-05
3.336291e+01	3.942759e+01	5.771121e-05	2.181279e-05	2.181279e-05
3.942759e+01	4.659471e+01	9.766824e-05	2.610294e-05	2.610294e-05
4.659471e+01	5.506467e+01	8.264502e-05	2.208781e-05	2.208781e-05
5.506467e+01	6.507428e+01	8.991359e-05	2.119284e-05	2.119284e-05
6.507428e+01	7.690344e+01	1.902079e-04	2.835452e-05	2.835452e-05
7.690344e+01	9.088289e+01	2.467908e-04	2.971012e-05	2.971012e-05
9.088289e+01	1.074035e+02	2.300157e-04	2.638461e-05	2.638461e-05
1.074035e+02	1.269273e+02	2.484148e-04	2.522270e-05	2.522270e-05
1.269273e+02	1.500000e+02	2.643817e-04	2.393600e-05	2.393600e-05
# END HISTO1D

# BEGIN HISTO1D //afs/cern.ch/user/d/dsatco/herbvi6500/yoda_files/40TeV_iproc7099_nnpdf30.yoda/MC_MET/met_calo
ErrorBars=1
LineColor=orange
LineStyle=solid
Path=//afs/cern.ch/user/d/dsatco/herbvi6500/yoda_files/40TeV_iproc7099_nnpdf30.yoda/MC_MET/met_calo
ScaledBy=5.00000000000000024e-05
Title=nnpdf30
XLabel=
YLabel=
# xlow	 xhigh	 val	 errminus	 errplus
1.000000e+00	1.181779e+00	0.000000e+00	0.000000e+00	0.000000e+00
1.181779e+00	1.396602e+00	0.000000e+00	0.000000e+00	0.000000e+00
1.396602e+00	1.650476e+00	0.000000e+00	0.000000e+00	0.000000e+00
1.650476e+00	1.950498e+00	0.000000e+00	0.000000e+00	0.000000e+00
1.950498e+00	2.305058e+00	0.000000e+00	0.000000e+00	0.000000e+00
2.305058e+00	2.724070e+00	0.000000e+00	0.000000e+00	0.000000e+00
2.724070e+00	3.219249e+00	0.000000e+00	0.000000e+00	0.000000e+00
3.219249e+00	3.804442e+00	0.000000e+00	0.000000e+00	0.000000e+00
3.804442e+00	4.496011e+00	0.000000e+00	0.000000e+00	0.000000e+00
4.496011e+00	5.313293e+00	0.000000e+00	0.000000e+00	0.000000e+00
5.313293e+00	6.279139e+00	0.000000e+00	0.000000e+00	0.000000e+00
6.279139e+00	7.420557e+00	4.380516e-05	4.380516e-05	4.380516e-05
7.420557e+00	8.769461e+00	3.706713e-05	3.706713e-05	3.706713e-05
8.769461e+00	1.036357e+01	0.000000e+00	0.000000e+00	0.000000e+00
1.036357e+01	1.224745e+01	0.000000e+00	0.000000e+00	0.000000e+00
1.224745e+01	1.447378e+01	2.245849e-05	2.245849e-05	2.245849e-05
1.447378e+01	1.710481e+01	9.501982e-05	4.249416e-05	4.249416e-05
1.710481e+01	2.021412e+01	1.608074e-05	1.608074e-05	1.608074e-05
2.021412e+01	2.388862e+01	6.803647e-05	3.042683e-05	3.042683e-05
2.388862e+01	2.823108e+01	5.757105e-05	2.574656e-05	2.574656e-05
2.823108e+01	3.336291e+01	5.845868e-05	2.386566e-05	2.386566e-05
3.336291e+01	3.942759e+01	6.595566e-05	2.331885e-05	2.331885e-05
3.942759e+01	4.659471e+01	7.673933e-05	2.313778e-05	2.313778e-05
4.659471e+01	5.506467e+01	7.674180e-05	2.128435e-05	2.128435e-05
5.506467e+01	6.507428e+01	1.198848e-04	2.447138e-05	2.447138e-05
6.507428e+01	7.690344e+01	1.563932e-04	2.571088e-05	2.571088e-05
7.690344e+01	9.088289e+01	1.681039e-04	2.452047e-05	2.452047e-05
9.088289e+01	1.074035e+02	1.997505e-04	2.458759e-05	2.458759e-05
1.074035e+02	1.269273e+02	2.945123e-04	2.746342e-05	2.746342e-05
1.269273e+02	1.500000e+02	2.102051e-04	2.134310e-05	2.134310e-05
# END HISTO1D

