# BEGIN PLOT
LegendOnly=//afs/cern.ch/user/d/dsatco/herbvi6500/yoda_files/40TeV_iproc7099_20t_ev.yoda/MC_MET/set_calo //afs/cern.ch/user/d/dsatco/herbvi6500/yoda_files/40TeV_iproc7099_ct14nlo.yoda/MC_MET/set_calo //afs/cern.ch/user/d/dsatco/herbvi6500/yoda_files/40TeV_iproc7099_mmht2014.yoda/MC_MET/set_calo //afs/cern.ch/user/d/dsatco/herbvi6500/yoda_files/40TeV_iproc7099_nnpdf30.yoda/MC_MET/set_calo
DrawOnly=//afs/cern.ch/user/d/dsatco/herbvi6500/yoda_files/40TeV_iproc7099_20t_ev.yoda/MC_MET/set_calo //afs/cern.ch/user/d/dsatco/herbvi6500/yoda_files/40TeV_iproc7099_ct14nlo.yoda/MC_MET/set_calo //afs/cern.ch/user/d/dsatco/herbvi6500/yoda_files/40TeV_iproc7099_mmht2014.yoda/MC_MET/set_calo //afs/cern.ch/user/d/dsatco/herbvi6500/yoda_files/40TeV_iproc7099_nnpdf30.yoda/MC_MET/set_calo
Title=Scalar $\sum E_T$ in calo acceptance
RatioPlotReference=//afs/cern.ch/user/d/dsatco/herbvi6500/yoda_files/40TeV_iproc7099_20t_ev.yoda/MC_MET/set_calo
RatioPlot=1
LogY=1
RatioPlotYLabel=Ratio
XLabel=Scalar $\sum E_T$ [GeV]
YLabel=$1/\sigma \, \mathrm{d}\sigma / \mathrm{d}\sum E_T$ [GeV$^{-1}$]
Legend=1
# END PLOT

# BEGIN HISTO1D //afs/cern.ch/user/d/dsatco/herbvi6500/yoda_files/40TeV_iproc7099_20t_ev.yoda/MC_MET/set_calo
ErrorBars=1
LineColor=red
LineStyle=solid
Path=//afs/cern.ch/user/d/dsatco/herbvi6500/yoda_files/40TeV_iproc7099_20t_ev.yoda/MC_MET/set_calo
ScaledBy=5.00000000000000024e-05
Title=mstw1998
XLabel=
YLabel=
# xlow	 xhigh	 val	 errminus	 errplus
1.000000e+00	1.391130e+00	0.000000e+00	0.000000e+00	0.000000e+00
1.391130e+00	1.935242e+00	0.000000e+00	0.000000e+00	0.000000e+00
1.935242e+00	2.692173e+00	0.000000e+00	0.000000e+00	0.000000e+00
2.692173e+00	3.745162e+00	0.000000e+00	0.000000e+00	0.000000e+00
3.745162e+00	5.210007e+00	0.000000e+00	0.000000e+00	0.000000e+00
5.210007e+00	7.247797e+00	0.000000e+00	0.000000e+00	0.000000e+00
7.247797e+00	1.008263e+01	0.000000e+00	0.000000e+00	0.000000e+00
1.008263e+01	1.402624e+01	0.000000e+00	0.000000e+00	0.000000e+00
1.402624e+01	1.951232e+01	0.000000e+00	0.000000e+00	0.000000e+00
1.951232e+01	2.714418e+01	0.000000e+00	0.000000e+00	0.000000e+00
2.714418e+01	3.776107e+01	0.000000e+00	0.000000e+00	0.000000e+00
3.776107e+01	5.253056e+01	0.000000e+00	0.000000e+00	0.000000e+00
5.253056e+01	7.307682e+01	0.000000e+00	0.000000e+00	0.000000e+00
7.307682e+01	1.016594e+02	0.000000e+00	0.000000e+00	0.000000e+00
1.016594e+02	1.414214e+02	0.000000e+00	0.000000e+00	0.000000e+00
1.414214e+02	1.967355e+02	0.000000e+00	0.000000e+00	0.000000e+00
1.967355e+02	2.736846e+02	0.000000e+00	0.000000e+00	0.000000e+00
2.736846e+02	3.807308e+02	0.000000e+00	0.000000e+00	0.000000e+00
3.807308e+02	5.296460e+02	0.000000e+00	0.000000e+00	0.000000e+00
5.296460e+02	7.368063e+02	0.000000e+00	0.000000e+00	0.000000e+00
7.368063e+02	1.024993e+03	0.000000e+00	0.000000e+00	0.000000e+00
1.024993e+03	1.425899e+03	0.000000e+00	0.000000e+00	0.000000e+00
1.425899e+03	1.983610e+03	0.000000e+00	0.000000e+00	0.000000e+00
1.983610e+03	2.759459e+03	0.000000e+00	0.000000e+00	0.000000e+00
2.759459e+03	3.838766e+03	0.000000e+00	0.000000e+00	0.000000e+00
3.838766e+03	5.340222e+03	0.000000e+00	0.000000e+00	0.000000e+00
5.340222e+03	7.428942e+03	0.000000e+00	0.000000e+00	0.000000e+00
7.428942e+03	1.033462e+04	2.976930e-06	2.263318e-07	2.263318e-07
1.033462e+04	1.437680e+04	1.613486e-04	1.412732e-06	1.412732e-06
1.437680e+04	2.000000e+04	6.003699e-05	7.306387e-07	7.306387e-07
# END HISTO1D

# BEGIN HISTO1D //afs/cern.ch/user/d/dsatco/herbvi6500/yoda_files/40TeV_iproc7099_ct14nlo.yoda/MC_MET/set_calo
ErrorBars=1
LineColor=blue
LineStyle=solid
Path=//afs/cern.ch/user/d/dsatco/herbvi6500/yoda_files/40TeV_iproc7099_ct14nlo.yoda/MC_MET/set_calo
ScaledBy=5.00000000000000024e-05
Title=ct14nlo
XLabel=
YLabel=
# xlow	 xhigh	 val	 errminus	 errplus
1.000000e+00	1.391130e+00	0.000000e+00	0.000000e+00	0.000000e+00
1.391130e+00	1.935242e+00	0.000000e+00	0.000000e+00	0.000000e+00
1.935242e+00	2.692173e+00	0.000000e+00	0.000000e+00	0.000000e+00
2.692173e+00	3.745162e+00	0.000000e+00	0.000000e+00	0.000000e+00
3.745162e+00	5.210007e+00	0.000000e+00	0.000000e+00	0.000000e+00
5.210007e+00	7.247797e+00	0.000000e+00	0.000000e+00	0.000000e+00
7.247797e+00	1.008263e+01	0.000000e+00	0.000000e+00	0.000000e+00
1.008263e+01	1.402624e+01	0.000000e+00	0.000000e+00	0.000000e+00
1.402624e+01	1.951232e+01	0.000000e+00	0.000000e+00	0.000000e+00
1.951232e+01	2.714418e+01	0.000000e+00	0.000000e+00	0.000000e+00
2.714418e+01	3.776107e+01	0.000000e+00	0.000000e+00	0.000000e+00
3.776107e+01	5.253056e+01	0.000000e+00	0.000000e+00	0.000000e+00
5.253056e+01	7.307682e+01	0.000000e+00	0.000000e+00	0.000000e+00
7.307682e+01	1.016594e+02	0.000000e+00	0.000000e+00	0.000000e+00
1.016594e+02	1.414214e+02	0.000000e+00	0.000000e+00	0.000000e+00
1.414214e+02	1.967355e+02	0.000000e+00	0.000000e+00	0.000000e+00
1.967355e+02	2.736846e+02	0.000000e+00	0.000000e+00	0.000000e+00
2.736846e+02	3.807308e+02	0.000000e+00	0.000000e+00	0.000000e+00
3.807308e+02	5.296460e+02	0.000000e+00	0.000000e+00	0.000000e+00
5.296460e+02	7.368063e+02	0.000000e+00	0.000000e+00	0.000000e+00
7.368063e+02	1.024993e+03	0.000000e+00	0.000000e+00	0.000000e+00
1.024993e+03	1.425899e+03	0.000000e+00	0.000000e+00	0.000000e+00
1.425899e+03	1.983610e+03	0.000000e+00	0.000000e+00	0.000000e+00
1.983610e+03	2.759459e+03	0.000000e+00	0.000000e+00	0.000000e+00
2.759459e+03	3.838766e+03	0.000000e+00	0.000000e+00	0.000000e+00
3.838766e+03	5.340222e+03	0.000000e+00	0.000000e+00	0.000000e+00
5.340222e+03	7.428942e+03	0.000000e+00	0.000000e+00	0.000000e+00
7.428942e+03	1.033462e+04	3.372707e-06	2.409076e-07	2.409076e-07
1.033462e+04	1.437680e+04	1.659006e-04	1.432521e-06	1.432521e-06
1.437680e+04	2.000000e+04	5.664035e-05	7.096696e-07	7.096696e-07
# END HISTO1D

# BEGIN HISTO1D //afs/cern.ch/user/d/dsatco/herbvi6500/yoda_files/40TeV_iproc7099_mmht2014.yoda/MC_MET/set_calo
ErrorBars=1
LineColor=green
LineStyle=solid
Path=//afs/cern.ch/user/d/dsatco/herbvi6500/yoda_files/40TeV_iproc7099_mmht2014.yoda/MC_MET/set_calo
ScaledBy=5.00000000000000024e-05
Title=mmht2014
XLabel=
YLabel=
# xlow	 xhigh	 val	 errminus	 errplus
1.000000e+00	1.391130e+00	0.000000e+00	0.000000e+00	0.000000e+00
1.391130e+00	1.935242e+00	0.000000e+00	0.000000e+00	0.000000e+00
1.935242e+00	2.692173e+00	0.000000e+00	0.000000e+00	0.000000e+00
2.692173e+00	3.745162e+00	0.000000e+00	0.000000e+00	0.000000e+00
3.745162e+00	5.210007e+00	0.000000e+00	0.000000e+00	0.000000e+00
5.210007e+00	7.247797e+00	0.000000e+00	0.000000e+00	0.000000e+00
7.247797e+00	1.008263e+01	0.000000e+00	0.000000e+00	0.000000e+00
1.008263e+01	1.402624e+01	0.000000e+00	0.000000e+00	0.000000e+00
1.402624e+01	1.951232e+01	0.000000e+00	0.000000e+00	0.000000e+00
1.951232e+01	2.714418e+01	0.000000e+00	0.000000e+00	0.000000e+00
2.714418e+01	3.776107e+01	0.000000e+00	0.000000e+00	0.000000e+00
3.776107e+01	5.253056e+01	0.000000e+00	0.000000e+00	0.000000e+00
5.253056e+01	7.307682e+01	0.000000e+00	0.000000e+00	0.000000e+00
7.307682e+01	1.016594e+02	0.000000e+00	0.000000e+00	0.000000e+00
1.016594e+02	1.414214e+02	0.000000e+00	0.000000e+00	0.000000e+00
1.414214e+02	1.967355e+02	0.000000e+00	0.000000e+00	0.000000e+00
1.967355e+02	2.736846e+02	0.000000e+00	0.000000e+00	0.000000e+00
2.736846e+02	3.807308e+02	0.000000e+00	0.000000e+00	0.000000e+00
3.807308e+02	5.296460e+02	0.000000e+00	0.000000e+00	0.000000e+00
5.296460e+02	7.368063e+02	0.000000e+00	0.000000e+00	0.000000e+00
7.368063e+02	1.024993e+03	0.000000e+00	0.000000e+00	0.000000e+00
1.024993e+03	1.425899e+03	0.000000e+00	0.000000e+00	0.000000e+00
1.425899e+03	1.983610e+03	0.000000e+00	0.000000e+00	0.000000e+00
1.983610e+03	2.759459e+03	0.000000e+00	0.000000e+00	0.000000e+00
2.759459e+03	3.838766e+03	0.000000e+00	0.000000e+00	0.000000e+00
3.838766e+03	5.340222e+03	0.000000e+00	0.000000e+00	0.000000e+00
5.340222e+03	7.428942e+03	0.000000e+00	0.000000e+00	0.000000e+00
7.428942e+03	1.033462e+04	3.338291e-06	2.396754e-07	2.396754e-07
1.033462e+04	1.437680e+04	1.671128e-04	1.437746e-06	1.437746e-06
1.437680e+04	2.000000e+04	5.573339e-05	7.039648e-07	7.039648e-07
# END HISTO1D

# BEGIN HISTO1D //afs/cern.ch/user/d/dsatco/herbvi6500/yoda_files/40TeV_iproc7099_nnpdf30.yoda/MC_MET/set_calo
ErrorBars=1
LineColor=orange
LineStyle=solid
Path=//afs/cern.ch/user/d/dsatco/herbvi6500/yoda_files/40TeV_iproc7099_nnpdf30.yoda/MC_MET/set_calo
ScaledBy=5.00000000000000024e-05
Title=nnpdf30
XLabel=
YLabel=
# xlow	 xhigh	 val	 errminus	 errplus
1.000000e+00	1.391130e+00	0.000000e+00	0.000000e+00	0.000000e+00
1.391130e+00	1.935242e+00	0.000000e+00	0.000000e+00	0.000000e+00
1.935242e+00	2.692173e+00	0.000000e+00	0.000000e+00	0.000000e+00
2.692173e+00	3.745162e+00	0.000000e+00	0.000000e+00	0.000000e+00
3.745162e+00	5.210007e+00	0.000000e+00	0.000000e+00	0.000000e+00
5.210007e+00	7.247797e+00	0.000000e+00	0.000000e+00	0.000000e+00
7.247797e+00	1.008263e+01	0.000000e+00	0.000000e+00	0.000000e+00
1.008263e+01	1.402624e+01	0.000000e+00	0.000000e+00	0.000000e+00
1.402624e+01	1.951232e+01	0.000000e+00	0.000000e+00	0.000000e+00
1.951232e+01	2.714418e+01	0.000000e+00	0.000000e+00	0.000000e+00
2.714418e+01	3.776107e+01	0.000000e+00	0.000000e+00	0.000000e+00
3.776107e+01	5.253056e+01	0.000000e+00	0.000000e+00	0.000000e+00
5.253056e+01	7.307682e+01	0.000000e+00	0.000000e+00	0.000000e+00
7.307682e+01	1.016594e+02	0.000000e+00	0.000000e+00	0.000000e+00
1.016594e+02	1.414214e+02	0.000000e+00	0.000000e+00	0.000000e+00
1.414214e+02	1.967355e+02	0.000000e+00	0.000000e+00	0.000000e+00
1.967355e+02	2.736846e+02	0.000000e+00	0.000000e+00	0.000000e+00
2.736846e+02	3.807308e+02	0.000000e+00	0.000000e+00	0.000000e+00
3.807308e+02	5.296460e+02	0.000000e+00	0.000000e+00	0.000000e+00
5.296460e+02	7.368063e+02	0.000000e+00	0.000000e+00	0.000000e+00
7.368063e+02	1.024993e+03	0.000000e+00	0.000000e+00	0.000000e+00
1.024993e+03	1.425899e+03	0.000000e+00	0.000000e+00	0.000000e+00
1.425899e+03	1.983610e+03	0.000000e+00	0.000000e+00	0.000000e+00
1.983610e+03	2.759459e+03	0.000000e+00	0.000000e+00	0.000000e+00
2.759459e+03	3.838766e+03	0.000000e+00	0.000000e+00	0.000000e+00
3.838766e+03	5.340222e+03	0.000000e+00	0.000000e+00	0.000000e+00
5.340222e+03	7.428942e+03	2.393811e-08	2.393811e-08	2.393811e-08
7.428942e+03	1.033462e+04	3.131799e-06	2.321444e-07	2.321444e-07
1.033462e+04	1.437680e+04	1.670881e-04	1.437639e-06	1.437639e-06
1.437680e+04	2.000000e+04	5.590233e-05	7.050310e-07	7.050310e-07
# END HISTO1D

