# BEGIN PLOT
RatioPlotYLabel=Ratio
LegendOnly=//afs/cern.ch/user/d/dsatco/herbvi6500/yoda_files/40TeV_iproc7099_20t_ev.yoda/MC_SUSY/eta-jet //afs/cern.ch/user/d/dsatco/herbvi6500/yoda_files/40TeV_iproc7099_ct14nlo.yoda/MC_SUSY/eta-jet //afs/cern.ch/user/d/dsatco/herbvi6500/yoda_files/40TeV_iproc7099_mmht2014.yoda/MC_SUSY/eta-jet //afs/cern.ch/user/d/dsatco/herbvi6500/yoda_files/40TeV_iproc7099_nnpdf30.yoda/MC_SUSY/eta-jet
XLabel=$\eta$
RatioPlotReference=//afs/cern.ch/user/d/dsatco/herbvi6500/yoda_files/40TeV_iproc7099_20t_ev.yoda/MC_SUSY/eta-jet
YLabel=$\mathrm{d}N_\text{jet}/\mathrm{d}\eta$
DrawOnly=//afs/cern.ch/user/d/dsatco/herbvi6500/yoda_files/40TeV_iproc7099_20t_ev.yoda/MC_SUSY/eta-jet //afs/cern.ch/user/d/dsatco/herbvi6500/yoda_files/40TeV_iproc7099_ct14nlo.yoda/MC_SUSY/eta-jet //afs/cern.ch/user/d/dsatco/herbvi6500/yoda_files/40TeV_iproc7099_mmht2014.yoda/MC_SUSY/eta-jet //afs/cern.ch/user/d/dsatco/herbvi6500/yoda_files/40TeV_iproc7099_nnpdf30.yoda/MC_SUSY/eta-jet
RatioPlot=1
Title=$\eta$ distribution for $R=0.7$ anti-$k_\perp$ jets
Legend=1
LogY=0
# END PLOT

# BEGIN HISTO1D //afs/cern.ch/user/d/dsatco/herbvi6500/yoda_files/40TeV_iproc7099_20t_ev.yoda/MC_SUSY/eta-jet
ErrorBars=1
LineColor=red
LineStyle=solid
Path=//afs/cern.ch/user/d/dsatco/herbvi6500/yoda_files/40TeV_iproc7099_20t_ev.yoda/MC_SUSY/eta-jet
Title=mstw1998
XLabel=
YLabel=
# xlow	 xhigh	 val	 errminus	 errplus
-4.000000e+00	-3.840000e+00	7.750000e+02	6.959705e+01	6.959705e+01
-3.840000e+00	-3.680000e+00	1.112500e+03	8.338540e+01	8.338540e+01
-3.680000e+00	-3.520000e+00	1.412500e+03	9.395810e+01	9.395810e+01
-3.520000e+00	-3.360000e+00	1.868750e+03	1.080726e+02	1.080726e+02
-3.360000e+00	-3.200000e+00	2.637500e+03	1.283915e+02	1.283915e+02
-3.200000e+00	-3.040000e+00	3.300000e+03	1.436141e+02	1.436141e+02
-3.040000e+00	-2.880000e+00	4.043750e+03	1.589762e+02	1.589762e+02
-2.880000e+00	-2.720000e+00	5.912500e+03	1.922320e+02	1.922320e+02
-2.720000e+00	-2.560000e+00	7.937500e+03	2.227316e+02	2.227316e+02
-2.560000e+00	-2.400000e+00	1.073125e+04	2.589794e+02	2.589794e+02
-2.400000e+00	-2.240000e+00	1.436250e+04	2.996091e+02	2.996091e+02
-2.240000e+00	-2.080000e+00	2.023125e+04	3.555915e+02	3.555915e+02
-2.080000e+00	-1.920000e+00	2.569375e+04	4.007318e+02	4.007318e+02
-1.920000e+00	-1.760000e+00	3.350000e+04	4.575751e+02	4.575751e+02
-1.760000e+00	-1.600000e+00	4.333750e+04	5.204415e+02	5.204415e+02
-1.600000e+00	-1.440000e+00	5.295000e+04	5.752717e+02	5.752717e+02
-1.440000e+00	-1.280000e+00	6.351250e+04	6.300422e+02	6.300422e+02
-1.280000e+00	-1.120000e+00	7.425625e+04	6.812500e+02	6.812500e+02
-1.120000e+00	-9.600000e-01	8.551250e+04	7.310630e+02	7.310630e+02
-9.600000e-01	-8.000000e-01	9.445625e+04	7.683434e+02	7.683434e+02
-8.000000e-01	-6.400000e-01	1.025437e+05	8.005613e+02	8.005613e+02
-6.400000e-01	-4.800000e-01	1.079250e+05	8.212985e+02	8.212985e+02
-4.800000e-01	-3.200000e-01	1.108500e+05	8.323536e+02	8.323536e+02
-3.200000e-01	-1.600000e-01	1.160875e+05	8.517904e+02	8.517904e+02
-1.600000e-01	0.000000e+00	1.154438e+05	8.494254e+02	8.494254e+02
0.000000e+00	1.600000e-01	1.175625e+05	8.571847e+02	8.571847e+02
1.600000e-01	3.200000e-01	1.149562e+05	8.476300e+02	8.476300e+02
3.200000e-01	4.800000e-01	1.114563e+05	8.346266e+02	8.346266e+02
4.800000e-01	6.400000e-01	1.084250e+05	8.231988e+02	8.231988e+02
6.400000e-01	8.000000e-01	1.012687e+05	7.955688e+02	7.955688e+02
8.000000e-01	9.600000e-01	9.509375e+04	7.709319e+02	7.709319e+02
9.600000e-01	1.120000e+00	8.565000e+04	7.316505e+02	7.316505e+02
1.120000e+00	1.280000e+00	7.514375e+04	6.853090e+02	6.853090e+02
1.280000e+00	1.440000e+00	6.431875e+04	6.340285e+02	6.340285e+02
1.440000e+00	1.600000e+00	5.303125e+04	5.757129e+02	5.757129e+02
1.600000e+00	1.760000e+00	4.226875e+04	5.139841e+02	5.139841e+02
1.760000e+00	1.920000e+00	3.334375e+04	4.565068e+02	4.565068e+02
1.920000e+00	2.080000e+00	2.582500e+04	4.017540e+02	4.017540e+02
2.080000e+00	2.240000e+00	1.920625e+04	3.464665e+02	3.464665e+02
2.240000e+00	2.400000e+00	1.458125e+04	3.018821e+02	3.018821e+02
2.400000e+00	2.560000e+00	1.096250e+04	2.617549e+02	2.617549e+02
2.560000e+00	2.720000e+00	7.956250e+03	2.229945e+02	2.229945e+02
2.720000e+00	2.880000e+00	5.831250e+03	1.909066e+02	1.909066e+02
2.880000e+00	3.040000e+00	4.375000e+03	1.653595e+02	1.653595e+02
3.040000e+00	3.200000e+00	3.106250e+03	1.393344e+02	1.393344e+02
3.200000e+00	3.360000e+00	2.381250e+03	1.219951e+02	1.219951e+02
3.360000e+00	3.520000e+00	1.768750e+03	1.051413e+02	1.051413e+02
3.520000e+00	3.680000e+00	1.343750e+03	9.164299e+01	9.164299e+01
3.680000e+00	3.840000e+00	1.093750e+03	8.267973e+01	8.267973e+01
3.840000e+00	4.000000e+00	7.875000e+02	7.015608e+01	7.015608e+01
# END HISTO1D

# BEGIN HISTO1D //afs/cern.ch/user/d/dsatco/herbvi6500/yoda_files/40TeV_iproc7099_ct14nlo.yoda/MC_SUSY/eta-jet
ErrorBars=1
LineColor=blue
LineStyle=solid
Path=//afs/cern.ch/user/d/dsatco/herbvi6500/yoda_files/40TeV_iproc7099_ct14nlo.yoda/MC_SUSY/eta-jet
Title=ct14nlo
XLabel=
YLabel=
# xlow	 xhigh	 val	 errminus	 errplus
-4.000000e+00	-3.840000e+00	8.187500e+02	7.153452e+01	7.153452e+01
-3.840000e+00	-3.680000e+00	1.025000e+03	8.003905e+01	8.003905e+01
-3.680000e+00	-3.520000e+00	1.325000e+03	9.100137e+01	9.100137e+01
-3.520000e+00	-3.360000e+00	1.837500e+03	1.071652e+02	1.071652e+02
-3.360000e+00	-3.200000e+00	2.318750e+03	1.203835e+02	1.203835e+02
-3.200000e+00	-3.040000e+00	3.012500e+03	1.372156e+02	1.372156e+02
-3.040000e+00	-2.880000e+00	3.956250e+03	1.572468e+02	1.572468e+02
-2.880000e+00	-2.720000e+00	5.575000e+03	1.866648e+02	1.866648e+02
-2.720000e+00	-2.560000e+00	8.362500e+03	2.286168e+02	2.286168e+02
-2.560000e+00	-2.400000e+00	1.092500e+04	2.613068e+02	2.613068e+02
-2.400000e+00	-2.240000e+00	1.421875e+04	2.981060e+02	2.981060e+02
-2.240000e+00	-2.080000e+00	1.942500e+04	3.484340e+02	3.484340e+02
-2.080000e+00	-1.920000e+00	2.590000e+04	4.023369e+02	4.023369e+02
-1.920000e+00	-1.760000e+00	3.316250e+04	4.552643e+02	4.552643e+02
-1.760000e+00	-1.600000e+00	4.252500e+04	5.155398e+02	5.155398e+02
-1.600000e+00	-1.440000e+00	5.286875e+04	5.748301e+02	5.748301e+02
-1.440000e+00	-1.280000e+00	6.399375e+04	6.324246e+02	6.324246e+02
-1.280000e+00	-1.120000e+00	7.627500e+04	6.904482e+02	6.904482e+02
-1.120000e+00	-9.600000e-01	8.491250e+04	7.284937e+02	7.284937e+02
-9.600000e-01	-8.000000e-01	9.415625e+04	7.671223e+02	7.671223e+02
-8.000000e-01	-6.400000e-01	1.025625e+05	8.006345e+02	8.006345e+02
-6.400000e-01	-4.800000e-01	1.073937e+05	8.192746e+02	8.192746e+02
-4.800000e-01	-3.200000e-01	1.108875e+05	8.324944e+02	8.324944e+02
-3.200000e-01	-1.600000e-01	1.144312e+05	8.456922e+02	8.456922e+02
-1.600000e-01	0.000000e+00	1.175188e+05	8.570252e+02	8.570252e+02
0.000000e+00	1.600000e-01	1.168688e+05	8.546518e+02	8.546518e+02
1.600000e-01	3.200000e-01	1.154188e+05	8.493334e+02	8.493334e+02
3.200000e-01	4.800000e-01	1.113625e+05	8.342755e+02	8.342755e+02
4.800000e-01	6.400000e-01	1.083375e+05	8.228666e+02	8.228666e+02
6.400000e-01	8.000000e-01	1.018875e+05	7.979955e+02	7.979955e+02
8.000000e-01	9.600000e-01	9.425000e+04	7.675041e+02	7.675041e+02
9.600000e-01	1.120000e+00	8.593750e+04	7.328775e+02	7.328775e+02
1.120000e+00	1.280000e+00	7.495625e+04	6.844535e+02	6.844535e+02
1.280000e+00	1.440000e+00	6.376250e+04	6.312809e+02	6.312809e+02
1.440000e+00	1.600000e+00	5.205000e+04	5.703617e+02	5.703617e+02
1.600000e+00	1.760000e+00	4.257500e+04	5.158428e+02	5.158428e+02
1.760000e+00	1.920000e+00	3.295000e+04	4.538034e+02	4.538034e+02
1.920000e+00	2.080000e+00	2.563125e+04	4.002441e+02	4.002441e+02
2.080000e+00	2.240000e+00	1.996875e+04	3.532771e+02	3.532771e+02
2.240000e+00	2.400000e+00	1.425000e+04	2.984334e+02	2.984334e+02
2.400000e+00	2.560000e+00	1.045000e+04	2.555631e+02	2.555631e+02
2.560000e+00	2.720000e+00	7.993750e+03	2.235194e+02	2.235194e+02
2.720000e+00	2.880000e+00	5.662500e+03	1.881240e+02	1.881240e+02
2.880000e+00	3.040000e+00	4.306250e+03	1.640551e+02	1.640551e+02
3.040000e+00	3.200000e+00	3.306250e+03	1.437500e+02	1.437500e+02
3.200000e+00	3.360000e+00	2.462500e+03	1.240590e+02	1.240590e+02
3.360000e+00	3.520000e+00	1.650000e+03	1.015505e+02	1.015505e+02
3.520000e+00	3.680000e+00	1.387500e+03	9.312290e+01	9.312290e+01
3.680000e+00	3.840000e+00	1.012500e+03	7.954951e+01	7.954951e+01
3.840000e+00	4.000000e+00	7.250000e+02	6.731456e+01	6.731456e+01
# END HISTO1D

# BEGIN HISTO1D //afs/cern.ch/user/d/dsatco/herbvi6500/yoda_files/40TeV_iproc7099_mmht2014.yoda/MC_SUSY/eta-jet
ErrorBars=1
LineColor=green
LineStyle=solid
Path=//afs/cern.ch/user/d/dsatco/herbvi6500/yoda_files/40TeV_iproc7099_mmht2014.yoda/MC_SUSY/eta-jet
Title=mmht2014
XLabel=
YLabel=
# xlow	 xhigh	 val	 errminus	 errplus
-4.000000e+00	-3.840000e+00	7.812500e+02	6.987712e+01	6.987712e+01
-3.840000e+00	-3.680000e+00	1.037500e+03	8.052562e+01	8.052562e+01
-3.680000e+00	-3.520000e+00	1.331250e+03	9.121575e+01	9.121575e+01
-3.520000e+00	-3.360000e+00	1.668750e+03	1.021258e+02	1.021258e+02
-3.360000e+00	-3.200000e+00	2.425000e+03	1.231107e+02	1.231107e+02
-3.200000e+00	-3.040000e+00	3.025000e+03	1.375000e+02	1.375000e+02
-3.040000e+00	-2.880000e+00	4.093750e+03	1.599560e+02	1.599560e+02
-2.880000e+00	-2.720000e+00	5.575000e+03	1.866648e+02	1.866648e+02
-2.720000e+00	-2.560000e+00	7.525000e+03	2.168669e+02	2.168669e+02
-2.560000e+00	-2.400000e+00	1.070000e+04	2.586020e+02	2.586020e+02
-2.400000e+00	-2.240000e+00	1.448125e+04	3.008452e+02	3.008452e+02
-2.240000e+00	-2.080000e+00	1.925625e+04	3.469172e+02	3.469172e+02
-2.080000e+00	-1.920000e+00	2.591875e+04	4.024825e+02	4.024825e+02
-1.920000e+00	-1.760000e+00	3.346250e+04	4.573190e+02	4.573190e+02
-1.760000e+00	-1.600000e+00	4.212500e+04	5.131094e+02	5.131094e+02
-1.600000e+00	-1.440000e+00	5.309375e+04	5.760520e+02	5.760520e+02
-1.440000e+00	-1.280000e+00	6.363750e+04	6.306619e+02	6.306619e+02
-1.280000e+00	-1.120000e+00	7.540000e+04	6.864765e+02	6.864765e+02
-1.120000e+00	-9.600000e-01	8.501250e+04	7.289226e+02	7.289226e+02
-9.600000e-01	-8.000000e-01	9.362500e+04	7.649551e+02	7.649551e+02
-8.000000e-01	-6.400000e-01	1.022250e+05	7.993161e+02	7.993161e+02
-6.400000e-01	-4.800000e-01	1.071000e+05	8.181534e+02	8.181534e+02
-4.800000e-01	-3.200000e-01	1.122813e+05	8.377099e+02	8.377099e+02
-3.200000e-01	-1.600000e-01	1.155438e+05	8.497932e+02	8.497932e+02
-1.600000e-01	0.000000e+00	1.154000e+05	8.492644e+02	8.492644e+02
0.000000e+00	1.600000e-01	1.161875e+05	8.521572e+02	8.521572e+02
1.600000e-01	3.200000e-01	1.145250e+05	8.460386e+02	8.460386e+02
3.200000e-01	4.800000e-01	1.134813e+05	8.421745e+02	8.421745e+02
4.800000e-01	6.400000e-01	1.081000e+05	8.219641e+02	8.219641e+02
6.400000e-01	8.000000e-01	1.008937e+05	7.940944e+02	7.940944e+02
8.000000e-01	9.600000e-01	9.401250e+04	7.665364e+02	7.665364e+02
9.600000e-01	1.120000e+00	8.629375e+04	7.343949e+02	7.343949e+02
1.120000e+00	1.280000e+00	7.586250e+04	6.885787e+02	6.885787e+02
1.280000e+00	1.440000e+00	6.233750e+04	6.241870e+02	6.241870e+02
1.440000e+00	1.600000e+00	5.288125e+04	5.748981e+02	5.748981e+02
1.600000e+00	1.760000e+00	4.291875e+04	5.179210e+02	5.179210e+02
1.760000e+00	1.920000e+00	3.324375e+04	4.558217e+02	4.558217e+02
1.920000e+00	2.080000e+00	2.542500e+04	3.986305e+02	3.986305e+02
2.080000e+00	2.240000e+00	2.005625e+04	3.540502e+02	3.540502e+02
2.240000e+00	2.400000e+00	1.480000e+04	3.041381e+02	3.041381e+02
2.400000e+00	2.560000e+00	1.100625e+04	2.622767e+02	2.622767e+02
2.560000e+00	2.720000e+00	7.850000e+03	2.215006e+02	2.215006e+02
2.720000e+00	2.880000e+00	5.706250e+03	1.888493e+02	1.888493e+02
2.880000e+00	3.040000e+00	4.262500e+03	1.632196e+02	1.632196e+02
3.040000e+00	3.200000e+00	3.375000e+03	1.452369e+02	1.452369e+02
3.200000e+00	3.360000e+00	2.431250e+03	1.232693e+02	1.232693e+02
3.360000e+00	3.520000e+00	1.631250e+03	1.009718e+02	1.009718e+02
3.520000e+00	3.680000e+00	1.412500e+03	9.395810e+01	9.395810e+01
3.680000e+00	3.840000e+00	8.562500e+02	7.315437e+01	7.315437e+01
3.840000e+00	4.000000e+00	6.500000e+02	6.373774e+01	6.373774e+01
# END HISTO1D

# BEGIN HISTO1D //afs/cern.ch/user/d/dsatco/herbvi6500/yoda_files/40TeV_iproc7099_nnpdf30.yoda/MC_SUSY/eta-jet
ErrorBars=1
LineColor=orange
LineStyle=solid
Path=//afs/cern.ch/user/d/dsatco/herbvi6500/yoda_files/40TeV_iproc7099_nnpdf30.yoda/MC_SUSY/eta-jet
Title=nnpdf30
XLabel=
YLabel=
# xlow	 xhigh	 val	 errminus	 errplus
-4.000000e+00	-3.840000e+00	8.000000e+02	7.071068e+01	7.071068e+01
-3.840000e+00	-3.680000e+00	1.068750e+03	8.172936e+01	8.172936e+01
-3.680000e+00	-3.520000e+00	1.212500e+03	8.705243e+01	8.705243e+01
-3.520000e+00	-3.360000e+00	1.537500e+03	9.802742e+01	9.802742e+01
-3.360000e+00	-3.200000e+00	2.262500e+03	1.189144e+02	1.189144e+02
-3.200000e+00	-3.040000e+00	2.881250e+03	1.341932e+02	1.341932e+02
-3.040000e+00	-2.880000e+00	4.175000e+03	1.615356e+02	1.615356e+02
-2.880000e+00	-2.720000e+00	5.518750e+03	1.857207e+02	1.857207e+02
-2.720000e+00	-2.560000e+00	7.975000e+03	2.232571e+02	2.232571e+02
-2.560000e+00	-2.400000e+00	1.068125e+04	2.583753e+02	2.583753e+02
-2.400000e+00	-2.240000e+00	1.411250e+04	2.969901e+02	2.969901e+02
-2.240000e+00	-2.080000e+00	1.981875e+04	3.519477e+02	3.519477e+02
-2.080000e+00	-1.920000e+00	2.541250e+04	3.985325e+02	3.985325e+02
-1.920000e+00	-1.760000e+00	3.287500e+04	4.532866e+02	4.532866e+02
-1.760000e+00	-1.600000e+00	4.319375e+04	5.195777e+02	5.195777e+02
-1.600000e+00	-1.440000e+00	5.306250e+04	5.758825e+02	5.758825e+02
-1.440000e+00	-1.280000e+00	6.293750e+04	6.271837e+02	6.271837e+02
-1.280000e+00	-1.120000e+00	7.331250e+04	6.769070e+02	6.769070e+02
-1.120000e+00	-9.600000e-01	8.606875e+04	7.334369e+02	7.334369e+02
-9.600000e-01	-8.000000e-01	9.516250e+04	7.712105e+02	7.712105e+02
-8.000000e-01	-6.400000e-01	1.010562e+05	7.947336e+02	7.947336e+02
-6.400000e-01	-4.800000e-01	1.062437e+05	8.148763e+02	8.148763e+02
-4.800000e-01	-3.200000e-01	1.111063e+05	8.333151e+02	8.333151e+02
-3.200000e-01	-1.600000e-01	1.156250e+05	8.500919e+02	8.500919e+02
-1.600000e-01	0.000000e+00	1.178000e+05	8.580501e+02	8.580501e+02
0.000000e+00	1.600000e-01	1.177438e+05	8.578452e+02	8.578452e+02
1.600000e-01	3.200000e-01	1.133375e+05	8.416409e+02	8.416409e+02
3.200000e-01	4.800000e-01	1.113375e+05	8.341819e+02	8.341819e+02
4.800000e-01	6.400000e-01	1.085437e+05	8.236495e+02	8.236495e+02
6.400000e-01	8.000000e-01	1.027062e+05	8.011954e+02	8.011954e+02
8.000000e-01	9.600000e-01	9.421875e+04	7.673768e+02	7.673768e+02
9.600000e-01	1.120000e+00	8.445000e+04	7.265071e+02	7.265071e+02
1.120000e+00	1.280000e+00	7.425000e+04	6.812213e+02	6.812213e+02
1.280000e+00	1.440000e+00	6.460000e+04	6.354133e+02	6.354133e+02
1.440000e+00	1.600000e+00	5.302500e+04	5.756789e+02	5.756789e+02
1.600000e+00	1.760000e+00	4.163125e+04	5.100934e+02	5.100934e+02
1.760000e+00	1.920000e+00	3.451875e+04	4.644806e+02	4.644806e+02
1.920000e+00	2.080000e+00	2.620000e+04	4.046604e+02	4.046604e+02
2.080000e+00	2.240000e+00	1.951250e+04	3.492179e+02	3.492179e+02
2.240000e+00	2.400000e+00	1.468125e+04	3.029155e+02	3.029155e+02
2.400000e+00	2.560000e+00	1.078125e+04	2.595820e+02	2.595820e+02
2.560000e+00	2.720000e+00	7.756250e+03	2.201739e+02	2.201739e+02
2.720000e+00	2.880000e+00	5.950000e+03	1.928406e+02	1.928406e+02
2.880000e+00	3.040000e+00	4.331250e+03	1.645306e+02	1.645306e+02
3.040000e+00	3.200000e+00	3.025000e+03	1.375000e+02	1.375000e+02
3.200000e+00	3.360000e+00	2.331250e+03	1.207075e+02	1.207075e+02
3.360000e+00	3.520000e+00	1.750000e+03	1.045825e+02	1.045825e+02
3.520000e+00	3.680000e+00	1.287500e+03	8.970438e+01	8.970438e+01
3.680000e+00	3.840000e+00	9.875000e+02	7.856128e+01	7.856128e+01
3.840000e+00	4.000000e+00	7.875000e+02	7.015608e+01	7.015608e+01
# END HISTO1D

