# BEGIN PLOT
RatioPlotYLabel=Ratio
LegendOnly=//afs/cern.ch/user/d/dsatco/herbvi6500/yoda_files/40TeV_iproc7099_20t_ev.yoda/MC_SUSY/eta-mu //afs/cern.ch/user/d/dsatco/herbvi6500/yoda_files/40TeV_iproc7099_ct14nlo.yoda/MC_SUSY/eta-mu //afs/cern.ch/user/d/dsatco/herbvi6500/yoda_files/40TeV_iproc7099_mmht2014.yoda/MC_SUSY/eta-mu //afs/cern.ch/user/d/dsatco/herbvi6500/yoda_files/40TeV_iproc7099_nnpdf30.yoda/MC_SUSY/eta-mu
XLabel=$\eta$
RatioPlotReference=//afs/cern.ch/user/d/dsatco/herbvi6500/yoda_files/40TeV_iproc7099_20t_ev.yoda/MC_SUSY/eta-mu
YLabel=$\mathrm{d}N_\mu/\mathrm{d}\eta$
DrawOnly=//afs/cern.ch/user/d/dsatco/herbvi6500/yoda_files/40TeV_iproc7099_20t_ev.yoda/MC_SUSY/eta-mu //afs/cern.ch/user/d/dsatco/herbvi6500/yoda_files/40TeV_iproc7099_ct14nlo.yoda/MC_SUSY/eta-mu //afs/cern.ch/user/d/dsatco/herbvi6500/yoda_files/40TeV_iproc7099_mmht2014.yoda/MC_SUSY/eta-mu //afs/cern.ch/user/d/dsatco/herbvi6500/yoda_files/40TeV_iproc7099_nnpdf30.yoda/MC_SUSY/eta-mu
RatioPlot=1
Title=$\eta$ distribution for $\mu^+$, $\mu^-$
Legend=1
LogY=0
# END PLOT

# BEGIN HISTO1D //afs/cern.ch/user/d/dsatco/herbvi6500/yoda_files/40TeV_iproc7099_20t_ev.yoda/MC_SUSY/eta-mu
ErrorBars=1
LineColor=red
LineStyle=solid
Path=//afs/cern.ch/user/d/dsatco/herbvi6500/yoda_files/40TeV_iproc7099_20t_ev.yoda/MC_SUSY/eta-mu
Title=mstw1998
XLabel=
YLabel=
# xlow	 xhigh	 val	 errminus	 errplus
-4.000000e+00	-3.840000e+00	3.125000e+01	1.397542e+01	1.397542e+01
-3.840000e+00	-3.680000e+00	5.625000e+01	1.875000e+01	1.875000e+01
-3.680000e+00	-3.520000e+00	8.125000e+01	2.253470e+01	2.253470e+01
-3.520000e+00	-3.360000e+00	1.062500e+02	2.576941e+01	2.576941e+01
-3.360000e+00	-3.200000e+00	1.437500e+02	2.997395e+01	2.997395e+01
-3.200000e+00	-3.040000e+00	3.375000e+02	4.592793e+01	4.592793e+01
-3.040000e+00	-2.880000e+00	3.187500e+02	4.463393e+01	4.463393e+01
-2.880000e+00	-2.720000e+00	5.437500e+02	5.829612e+01	5.829612e+01
-2.720000e+00	-2.560000e+00	7.562500e+02	6.875000e+01	6.875000e+01
-2.560000e+00	-2.400000e+00	9.937500e+02	7.880950e+01	7.880950e+01
-2.400000e+00	-2.240000e+00	1.537500e+03	9.802742e+01	9.802742e+01
-2.240000e+00	-2.080000e+00	2.212500e+03	1.175930e+02	1.175930e+02
-2.080000e+00	-1.920000e+00	3.175000e+03	1.408678e+02	1.408678e+02
-1.920000e+00	-1.760000e+00	4.331250e+03	1.645306e+02	1.645306e+02
-1.760000e+00	-1.600000e+00	6.500000e+03	2.015564e+02	2.015564e+02
-1.600000e+00	-1.440000e+00	8.506250e+03	2.305733e+02	2.305733e+02
-1.440000e+00	-1.280000e+00	1.160625e+04	2.693308e+02	2.693308e+02
-1.280000e+00	-1.120000e+00	1.517500e+04	3.079671e+02	3.079671e+02
-1.120000e+00	-9.600000e-01	2.050625e+04	3.580001e+02	3.580001e+02
-9.600000e-01	-8.000000e-01	2.545000e+04	3.988264e+02	3.988264e+02
-8.000000e-01	-6.400000e-01	3.144375e+04	4.433096e+02	4.433096e+02
-6.400000e-01	-4.800000e-01	3.803125e+04	4.875401e+02	4.875401e+02
-4.800000e-01	-3.200000e-01	4.246875e+04	5.151987e+02	5.151987e+02
-3.200000e-01	-1.600000e-01	4.658125e+04	5.395672e+02	5.395672e+02
-1.600000e-01	0.000000e+00	4.991250e+04	5.585276e+02	5.585276e+02
0.000000e+00	1.600000e-01	4.954375e+04	5.564606e+02	5.564606e+02
1.600000e-01	3.200000e-01	4.694375e+04	5.416627e+02	5.416627e+02
3.200000e-01	4.800000e-01	4.351875e+04	5.215287e+02	5.215287e+02
4.800000e-01	6.400000e-01	3.900625e+04	4.937500e+02	4.937500e+02
6.400000e-01	8.000000e-01	3.163125e+04	4.446294e+02	4.446294e+02
8.000000e-01	9.600000e-01	2.601875e+04	4.032582e+02	4.032582e+02
9.600000e-01	1.120000e+00	2.034375e+04	3.565788e+02	3.565788e+02
1.120000e+00	1.280000e+00	1.505625e+04	3.067598e+02	3.067598e+02
1.280000e+00	1.440000e+00	1.146250e+04	2.676577e+02	2.676577e+02
1.440000e+00	1.600000e+00	8.637500e+03	2.323454e+02	2.323454e+02
1.600000e+00	1.760000e+00	6.125000e+03	1.956559e+02	1.956559e+02
1.760000e+00	1.920000e+00	4.175000e+03	1.615356e+02	1.615356e+02
1.920000e+00	2.080000e+00	3.200000e+03	1.414214e+02	1.414214e+02
2.080000e+00	2.240000e+00	2.250000e+03	1.185854e+02	1.185854e+02
2.240000e+00	2.400000e+00	1.400000e+03	9.354143e+01	9.354143e+01
2.400000e+00	2.560000e+00	1.025000e+03	8.003905e+01	8.003905e+01
2.560000e+00	2.720000e+00	7.750000e+02	6.959705e+01	6.959705e+01
2.720000e+00	2.880000e+00	5.625000e+02	5.929271e+01	5.929271e+01
2.880000e+00	3.040000e+00	3.562500e+02	4.718647e+01	4.718647e+01
3.040000e+00	3.200000e+00	2.875000e+02	4.238956e+01	4.238956e+01
3.200000e+00	3.360000e+00	1.687500e+02	3.247595e+01	3.247595e+01
3.360000e+00	3.520000e+00	5.625000e+01	1.875000e+01	1.875000e+01
3.520000e+00	3.680000e+00	6.875000e+01	2.072890e+01	2.072890e+01
3.680000e+00	3.840000e+00	4.375000e+01	1.653595e+01	1.653595e+01
3.840000e+00	4.000000e+00	6.250000e+00	6.250000e+00	6.250000e+00
# END HISTO1D

# BEGIN HISTO1D //afs/cern.ch/user/d/dsatco/herbvi6500/yoda_files/40TeV_iproc7099_ct14nlo.yoda/MC_SUSY/eta-mu
ErrorBars=1
LineColor=blue
LineStyle=solid
Path=//afs/cern.ch/user/d/dsatco/herbvi6500/yoda_files/40TeV_iproc7099_ct14nlo.yoda/MC_SUSY/eta-mu
Title=ct14nlo
XLabel=
YLabel=
# xlow	 xhigh	 val	 errminus	 errplus
-4.000000e+00	-3.840000e+00	3.750000e+01	1.530931e+01	1.530931e+01
-3.840000e+00	-3.680000e+00	5.000000e+01	1.767767e+01	1.767767e+01
-3.680000e+00	-3.520000e+00	5.000000e+01	1.767767e+01	1.767767e+01
-3.520000e+00	-3.360000e+00	8.750000e+01	2.338536e+01	2.338536e+01
-3.360000e+00	-3.200000e+00	2.125000e+02	3.644345e+01	3.644345e+01
-3.200000e+00	-3.040000e+00	3.250000e+02	4.506939e+01	4.506939e+01
-3.040000e+00	-2.880000e+00	3.750000e+02	4.841229e+01	4.841229e+01
-2.880000e+00	-2.720000e+00	4.562500e+02	5.340002e+01	5.340002e+01
-2.720000e+00	-2.560000e+00	6.937500e+02	6.584784e+01	6.584784e+01
-2.560000e+00	-2.400000e+00	1.006250e+03	7.930361e+01	7.930361e+01
-2.400000e+00	-2.240000e+00	1.581250e+03	9.941234e+01	9.941234e+01
-2.240000e+00	-2.080000e+00	2.206250e+03	1.174268e+02	1.174268e+02
-2.080000e+00	-1.920000e+00	3.256250e+03	1.426589e+02	1.426589e+02
-1.920000e+00	-1.760000e+00	4.193750e+03	1.618979e+02	1.618979e+02
-1.760000e+00	-1.600000e+00	6.193750e+03	1.967510e+02	1.967510e+02
-1.600000e+00	-1.440000e+00	8.187500e+03	2.262120e+02	2.262120e+02
-1.440000e+00	-1.280000e+00	1.147500e+04	2.678036e+02	2.678036e+02
-1.280000e+00	-1.120000e+00	1.523125e+04	3.085374e+02	3.085374e+02
-1.120000e+00	-9.600000e-01	1.981875e+04	3.519477e+02	3.519477e+02
-9.600000e-01	-8.000000e-01	2.468125e+04	3.927567e+02	3.927567e+02
-8.000000e-01	-6.400000e-01	3.221250e+04	4.486960e+02	4.486960e+02
-6.400000e-01	-4.800000e-01	3.721250e+04	4.822635e+02	4.822635e+02
-4.800000e-01	-3.200000e-01	4.333750e+04	5.204415e+02	5.204415e+02
-3.200000e-01	-1.600000e-01	4.775625e+04	5.463301e+02	5.463301e+02
-1.600000e-01	0.000000e+00	4.843125e+04	5.501775e+02	5.501775e+02
0.000000e+00	1.600000e-01	4.906875e+04	5.537867e+02	5.537867e+02
1.600000e-01	3.200000e-01	4.692500e+04	5.415545e+02	5.415545e+02
3.200000e-01	4.800000e-01	4.336875e+04	5.206291e+02	5.206291e+02
4.800000e-01	6.400000e-01	3.764375e+04	4.850499e+02	4.850499e+02
6.400000e-01	8.000000e-01	3.171875e+04	4.452440e+02	4.452440e+02
8.000000e-01	9.600000e-01	2.490625e+04	3.945429e+02	3.945429e+02
9.600000e-01	1.120000e+00	2.030625e+04	3.562500e+02	3.562500e+02
1.120000e+00	1.280000e+00	1.553125e+04	3.115611e+02	3.115611e+02
1.280000e+00	1.440000e+00	1.159375e+04	2.691857e+02	2.691857e+02
1.440000e+00	1.600000e+00	8.193750e+03	2.262983e+02	2.262983e+02
1.600000e+00	1.760000e+00	5.962500e+03	1.930431e+02	1.930431e+02
1.760000e+00	1.920000e+00	4.306250e+03	1.640551e+02	1.640551e+02
1.920000e+00	2.080000e+00	3.025000e+03	1.375000e+02	1.375000e+02
2.080000e+00	2.240000e+00	2.181250e+03	1.167596e+02	1.167596e+02
2.240000e+00	2.400000e+00	1.556250e+03	9.862334e+01	9.862334e+01
2.400000e+00	2.560000e+00	1.018750e+03	7.979466e+01	7.979466e+01
2.560000e+00	2.720000e+00	8.312500e+02	7.207852e+01	7.207852e+01
2.720000e+00	2.880000e+00	5.375000e+02	5.796012e+01	5.796012e+01
2.880000e+00	3.040000e+00	3.437500e+02	4.635124e+01	4.635124e+01
3.040000e+00	3.200000e+00	2.500000e+02	3.952847e+01	3.952847e+01
3.200000e+00	3.360000e+00	2.250000e+02	3.750000e+01	3.750000e+01
3.360000e+00	3.520000e+00	1.250000e+02	2.795085e+01	2.795085e+01
3.520000e+00	3.680000e+00	3.125000e+01	1.397542e+01	1.397542e+01
3.680000e+00	3.840000e+00	5.625000e+01	1.875000e+01	1.875000e+01
3.840000e+00	4.000000e+00	3.125000e+01	1.397542e+01	1.397542e+01
# END HISTO1D

# BEGIN HISTO1D //afs/cern.ch/user/d/dsatco/herbvi6500/yoda_files/40TeV_iproc7099_mmht2014.yoda/MC_SUSY/eta-mu
ErrorBars=1
LineColor=green
LineStyle=solid
Path=//afs/cern.ch/user/d/dsatco/herbvi6500/yoda_files/40TeV_iproc7099_mmht2014.yoda/MC_SUSY/eta-mu
Title=mmht2014
XLabel=
YLabel=
# xlow	 xhigh	 val	 errminus	 errplus
-4.000000e+00	-3.840000e+00	6.250000e+00	6.250000e+00	6.250000e+00
-3.840000e+00	-3.680000e+00	5.000000e+01	1.767767e+01	1.767767e+01
-3.680000e+00	-3.520000e+00	8.125000e+01	2.253470e+01	2.253470e+01
-3.520000e+00	-3.360000e+00	9.375000e+01	2.420615e+01	2.420615e+01
-3.360000e+00	-3.200000e+00	1.187500e+02	2.724312e+01	2.724312e+01
-3.200000e+00	-3.040000e+00	2.250000e+02	3.750000e+01	3.750000e+01
-3.040000e+00	-2.880000e+00	2.875000e+02	4.238956e+01	4.238956e+01
-2.880000e+00	-2.720000e+00	4.625000e+02	5.376453e+01	5.376453e+01
-2.720000e+00	-2.560000e+00	6.812500e+02	6.525192e+01	6.525192e+01
-2.560000e+00	-2.400000e+00	1.050000e+03	8.100926e+01	8.100926e+01
-2.400000e+00	-2.240000e+00	1.587500e+03	9.960861e+01	9.960861e+01
-2.240000e+00	-2.080000e+00	2.187500e+03	1.169268e+02	1.169268e+02
-2.080000e+00	-1.920000e+00	3.262500e+03	1.427957e+02	1.427957e+02
-1.920000e+00	-1.760000e+00	4.125000e+03	1.605654e+02	1.605654e+02
-1.760000e+00	-1.600000e+00	5.662500e+03	1.881240e+02	1.881240e+02
-1.600000e+00	-1.440000e+00	8.537500e+03	2.309965e+02	2.309965e+02
-1.440000e+00	-1.280000e+00	1.112500e+04	2.636878e+02	2.636878e+02
-1.280000e+00	-1.120000e+00	1.510625e+04	3.072687e+02	3.072687e+02
-1.120000e+00	-9.600000e-01	1.969375e+04	3.508361e+02	3.508361e+02
-9.600000e-01	-8.000000e-01	2.562500e+04	4.001953e+02	4.001953e+02
-8.000000e-01	-6.400000e-01	3.151250e+04	4.437940e+02	4.437940e+02
-6.400000e-01	-4.800000e-01	3.780625e+04	4.860957e+02	4.860957e+02
-4.800000e-01	-3.200000e-01	4.355625e+04	5.217534e+02	5.217534e+02
-3.200000e-01	-1.600000e-01	4.706250e+04	5.423473e+02	5.423473e+02
-1.600000e-01	0.000000e+00	5.008750e+04	5.595059e+02	5.595059e+02
0.000000e+00	1.600000e-01	4.975000e+04	5.576177e+02	5.576177e+02
1.600000e-01	3.200000e-01	4.770625e+04	5.460440e+02	5.460440e+02
3.200000e-01	4.800000e-01	4.245000e+04	5.150849e+02	5.150849e+02
4.800000e-01	6.400000e-01	3.845000e+04	4.902168e+02	4.902168e+02
6.400000e-01	8.000000e-01	3.190000e+04	4.465143e+02	4.465143e+02
8.000000e-01	9.600000e-01	2.526250e+04	3.973545e+02	3.973545e+02
9.600000e-01	1.120000e+00	1.940625e+04	3.482658e+02	3.482658e+02
1.120000e+00	1.280000e+00	1.517500e+04	3.079671e+02	3.079671e+02
1.280000e+00	1.440000e+00	1.120625e+04	2.646489e+02	2.646489e+02
1.440000e+00	1.600000e+00	8.612500e+03	2.320089e+02	2.320089e+02
1.600000e+00	1.760000e+00	5.825000e+03	1.908042e+02	1.908042e+02
1.760000e+00	1.920000e+00	4.143750e+03	1.609299e+02	1.609299e+02
1.920000e+00	2.080000e+00	2.993750e+03	1.367879e+02	1.367879e+02
2.080000e+00	2.240000e+00	2.356250e+03	1.213530e+02	1.213530e+02
2.240000e+00	2.400000e+00	1.493750e+03	9.662266e+01	9.662266e+01
2.400000e+00	2.560000e+00	1.162500e+03	8.523864e+01	8.523864e+01
2.560000e+00	2.720000e+00	6.500000e+02	6.373774e+01	6.373774e+01
2.720000e+00	2.880000e+00	5.562500e+02	5.896238e+01	5.896238e+01
2.880000e+00	3.040000e+00	4.312500e+02	5.191640e+01	5.191640e+01
3.040000e+00	3.200000e+00	3.000000e+02	4.330127e+01	4.330127e+01
3.200000e+00	3.360000e+00	2.000000e+02	3.535534e+01	3.535534e+01
3.360000e+00	3.520000e+00	1.625000e+02	3.186887e+01	3.186887e+01
3.520000e+00	3.680000e+00	6.250000e+01	1.976424e+01	1.976424e+01
3.680000e+00	3.840000e+00	6.250000e+01	1.976424e+01	1.976424e+01
3.840000e+00	4.000000e+00	2.500000e+01	1.250000e+01	1.250000e+01
# END HISTO1D

# BEGIN HISTO1D //afs/cern.ch/user/d/dsatco/herbvi6500/yoda_files/40TeV_iproc7099_nnpdf30.yoda/MC_SUSY/eta-mu
ErrorBars=1
LineColor=orange
LineStyle=solid
Path=//afs/cern.ch/user/d/dsatco/herbvi6500/yoda_files/40TeV_iproc7099_nnpdf30.yoda/MC_SUSY/eta-mu
Title=nnpdf30
XLabel=
YLabel=
# xlow	 xhigh	 val	 errminus	 errplus
-4.000000e+00	-3.840000e+00	4.375000e+01	1.653595e+01	1.653595e+01
-3.840000e+00	-3.680000e+00	6.250000e+01	1.976424e+01	1.976424e+01
-3.680000e+00	-3.520000e+00	1.000000e+02	2.500000e+01	2.500000e+01
-3.520000e+00	-3.360000e+00	8.750000e+01	2.338536e+01	2.338536e+01
-3.360000e+00	-3.200000e+00	1.312500e+02	2.864110e+01	2.864110e+01
-3.200000e+00	-3.040000e+00	1.812500e+02	3.365728e+01	3.365728e+01
-3.040000e+00	-2.880000e+00	3.437500e+02	4.635124e+01	4.635124e+01
-2.880000e+00	-2.720000e+00	4.875000e+02	5.519851e+01	5.519851e+01
-2.720000e+00	-2.560000e+00	7.937500e+02	7.043392e+01	7.043392e+01
-2.560000e+00	-2.400000e+00	1.025000e+03	8.003905e+01	8.003905e+01
-2.400000e+00	-2.240000e+00	1.531250e+03	9.782797e+01	9.782797e+01
-2.240000e+00	-2.080000e+00	2.200000e+03	1.172604e+02	1.172604e+02
-2.080000e+00	-1.920000e+00	3.331250e+03	1.442925e+02	1.442925e+02
-1.920000e+00	-1.760000e+00	4.306250e+03	1.640551e+02	1.640551e+02
-1.760000e+00	-1.600000e+00	5.993750e+03	1.935483e+02	1.935483e+02
-1.600000e+00	-1.440000e+00	8.462500e+03	2.299796e+02	2.299796e+02
-1.440000e+00	-1.280000e+00	1.135000e+04	2.663409e+02	2.663409e+02
-1.280000e+00	-1.120000e+00	1.516250e+04	3.078403e+02	3.078403e+02
-1.120000e+00	-9.600000e-01	1.985625e+04	3.522805e+02	3.522805e+02
-9.600000e-01	-8.000000e-01	2.515000e+04	3.964688e+02	3.964688e+02
-8.000000e-01	-6.400000e-01	3.111875e+04	4.410127e+02	4.410127e+02
-6.400000e-01	-4.800000e-01	3.713750e+04	4.817773e+02	4.817773e+02
-4.800000e-01	-3.200000e-01	4.298750e+04	5.183357e+02	5.183357e+02
-3.200000e-01	-1.600000e-01	4.737500e+04	5.441450e+02	5.441450e+02
-1.600000e-01	0.000000e+00	5.054375e+04	5.620484e+02	5.620484e+02
0.000000e+00	1.600000e-01	4.980000e+04	5.578978e+02	5.578978e+02
1.600000e-01	3.200000e-01	4.730625e+04	5.437500e+02	5.437500e+02
3.200000e-01	4.800000e-01	4.323125e+04	5.198031e+02	5.198031e+02
4.800000e-01	6.400000e-01	3.715000e+04	4.818584e+02	4.818584e+02
6.400000e-01	8.000000e-01	3.171875e+04	4.452440e+02	4.452440e+02
8.000000e-01	9.600000e-01	2.541250e+04	3.985325e+02	3.985325e+02
9.600000e-01	1.120000e+00	1.942500e+04	3.484340e+02	3.484340e+02
1.120000e+00	1.280000e+00	1.507500e+04	3.069507e+02	3.069507e+02
1.280000e+00	1.440000e+00	1.139375e+04	2.668538e+02	2.668538e+02
1.440000e+00	1.600000e+00	8.325000e+03	2.281036e+02	2.281036e+02
1.600000e+00	1.760000e+00	5.868750e+03	1.915194e+02	1.915194e+02
1.760000e+00	1.920000e+00	4.500000e+03	1.677051e+02	1.677051e+02
1.920000e+00	2.080000e+00	3.012500e+03	1.372156e+02	1.372156e+02
2.080000e+00	2.240000e+00	2.187500e+03	1.169268e+02	1.169268e+02
2.240000e+00	2.400000e+00	1.493750e+03	9.662266e+01	9.662266e+01
2.400000e+00	2.560000e+00	9.687500e+02	7.781187e+01	7.781187e+01
2.560000e+00	2.720000e+00	8.187500e+02	7.153452e+01	7.153452e+01
2.720000e+00	2.880000e+00	5.062500e+02	5.625000e+01	5.625000e+01
2.880000e+00	3.040000e+00	4.562500e+02	5.340002e+01	5.340002e+01
3.040000e+00	3.200000e+00	2.687500e+02	4.098399e+01	4.098399e+01
3.200000e+00	3.360000e+00	1.687500e+02	3.247595e+01	3.247595e+01
3.360000e+00	3.520000e+00	1.000000e+02	2.500000e+01	2.500000e+01
3.520000e+00	3.680000e+00	6.250000e+01	1.976424e+01	1.976424e+01
3.680000e+00	3.840000e+00	4.375000e+01	1.653595e+01	1.653595e+01
3.840000e+00	4.000000e+00	3.750000e+01	1.530931e+01	1.530931e+01
# END HISTO1D

