# BEGIN PLOT
RatioPlotYLabel=Ratio
LegendOnly=//afs/cern.ch/user/d/dsatco/herbvi6500/yoda_files/40TeV_iproc7099_20t_ev.yoda/MC_SUSY/eta-e //afs/cern.ch/user/d/dsatco/herbvi6500/yoda_files/40TeV_iproc7099_ct14nlo.yoda/MC_SUSY/eta-e //afs/cern.ch/user/d/dsatco/herbvi6500/yoda_files/40TeV_iproc7099_mmht2014.yoda/MC_SUSY/eta-e //afs/cern.ch/user/d/dsatco/herbvi6500/yoda_files/40TeV_iproc7099_nnpdf30.yoda/MC_SUSY/eta-e
XLabel=$\eta$
RatioPlotReference=//afs/cern.ch/user/d/dsatco/herbvi6500/yoda_files/40TeV_iproc7099_20t_ev.yoda/MC_SUSY/eta-e
YLabel=$\mathrm{d}N_e/\mathrm{d}\eta$
DrawOnly=//afs/cern.ch/user/d/dsatco/herbvi6500/yoda_files/40TeV_iproc7099_20t_ev.yoda/MC_SUSY/eta-e //afs/cern.ch/user/d/dsatco/herbvi6500/yoda_files/40TeV_iproc7099_ct14nlo.yoda/MC_SUSY/eta-e //afs/cern.ch/user/d/dsatco/herbvi6500/yoda_files/40TeV_iproc7099_mmht2014.yoda/MC_SUSY/eta-e //afs/cern.ch/user/d/dsatco/herbvi6500/yoda_files/40TeV_iproc7099_nnpdf30.yoda/MC_SUSY/eta-e
RatioPlot=1
Title=$\eta$ distribution for $e^+$, $e^-$
Legend=1
LogY=0
# END PLOT

# BEGIN HISTO1D //afs/cern.ch/user/d/dsatco/herbvi6500/yoda_files/40TeV_iproc7099_20t_ev.yoda/MC_SUSY/eta-e
ErrorBars=1
LineColor=red
LineStyle=solid
Path=//afs/cern.ch/user/d/dsatco/herbvi6500/yoda_files/40TeV_iproc7099_20t_ev.yoda/MC_SUSY/eta-e
Title=mstw1998
XLabel=
YLabel=
# xlow	 xhigh	 val	 errminus	 errplus
-4.000000e+00	-3.840000e+00	3.125000e+01	1.397542e+01	1.397542e+01
-3.840000e+00	-3.680000e+00	1.875000e+01	1.082532e+01	1.082532e+01
-3.680000e+00	-3.520000e+00	5.625000e+01	1.875000e+01	1.875000e+01
-3.520000e+00	-3.360000e+00	1.062500e+02	2.576941e+01	2.576941e+01
-3.360000e+00	-3.200000e+00	1.937500e+02	3.479853e+01	3.479853e+01
-3.200000e+00	-3.040000e+00	2.000000e+02	3.535534e+01	3.535534e+01
-3.040000e+00	-2.880000e+00	3.250000e+02	4.506939e+01	4.506939e+01
-2.880000e+00	-2.720000e+00	6.375000e+02	6.312191e+01	6.312191e+01
-2.720000e+00	-2.560000e+00	8.562500e+02	7.315437e+01	7.315437e+01
-2.560000e+00	-2.400000e+00	1.087500e+03	8.244316e+01	8.244316e+01
-2.400000e+00	-2.240000e+00	1.675000e+03	1.023169e+02	1.023169e+02
-2.240000e+00	-2.080000e+00	2.462500e+03	1.240590e+02	1.240590e+02
-2.080000e+00	-1.920000e+00	3.275000e+03	1.430690e+02	1.430690e+02
-1.920000e+00	-1.760000e+00	4.556250e+03	1.687500e+02	1.687500e+02
-1.760000e+00	-1.600000e+00	6.731250e+03	2.051105e+02	2.051105e+02
-1.600000e+00	-1.440000e+00	8.743750e+03	2.337701e+02	2.337701e+02
-1.440000e+00	-1.280000e+00	1.196875e+04	2.735045e+02	2.735045e+02
-1.280000e+00	-1.120000e+00	1.613750e+04	3.175837e+02	3.175837e+02
-1.120000e+00	-9.600000e-01	2.127500e+04	3.646488e+02	3.646488e+02
-9.600000e-01	-8.000000e-01	2.753750e+04	4.148607e+02	4.148607e+02
-8.000000e-01	-6.400000e-01	3.507500e+04	4.682080e+02	4.682080e+02
-6.400000e-01	-4.800000e-01	4.221250e+04	5.136420e+02	5.136420e+02
-4.800000e-01	-3.200000e-01	4.760625e+04	5.454714e+02	5.454714e+02
-3.200000e-01	-1.600000e-01	5.326875e+04	5.770006e+02	5.770006e+02
-1.600000e-01	0.000000e+00	5.690000e+04	5.963430e+02	5.963430e+02
0.000000e+00	1.600000e-01	5.336250e+04	5.775081e+02	5.775081e+02
1.600000e-01	3.200000e-01	5.318750e+04	5.765604e+02	5.765604e+02
3.200000e-01	4.800000e-01	4.764375e+04	5.456862e+02	5.456862e+02
4.800000e-01	6.400000e-01	4.068750e+04	5.042786e+02	5.042786e+02
6.400000e-01	8.000000e-01	3.374375e+04	4.592368e+02	4.592368e+02
8.000000e-01	9.600000e-01	2.831250e+04	4.206580e+02	4.206580e+02
9.600000e-01	1.120000e+00	2.164375e+04	3.677954e+02	3.677954e+02
1.120000e+00	1.280000e+00	1.671250e+04	3.231921e+02	3.231921e+02
1.280000e+00	1.440000e+00	1.195625e+04	2.733616e+02	2.733616e+02
1.440000e+00	1.600000e+00	8.812500e+03	2.346873e+02	2.346873e+02
1.600000e+00	1.760000e+00	6.343750e+03	1.991192e+02	1.991192e+02
1.760000e+00	1.920000e+00	4.518750e+03	1.680541e+02	1.680541e+02
1.920000e+00	2.080000e+00	3.087500e+03	1.389132e+02	1.389132e+02
2.080000e+00	2.240000e+00	2.562500e+03	1.265529e+02	1.265529e+02
2.240000e+00	2.400000e+00	1.681250e+03	1.025076e+02	1.025076e+02
2.400000e+00	2.560000e+00	1.018750e+03	7.979466e+01	7.979466e+01
2.560000e+00	2.720000e+00	9.625000e+02	7.756046e+01	7.756046e+01
2.720000e+00	2.880000e+00	4.250000e+02	5.153882e+01	5.153882e+01
2.880000e+00	3.040000e+00	3.562500e+02	4.718647e+01	4.718647e+01
3.040000e+00	3.200000e+00	2.062500e+02	3.590352e+01	3.590352e+01
3.200000e+00	3.360000e+00	1.937500e+02	3.479853e+01	3.479853e+01
3.360000e+00	3.520000e+00	1.312500e+02	2.864110e+01	2.864110e+01
3.520000e+00	3.680000e+00	8.750000e+01	2.338536e+01	2.338536e+01
3.680000e+00	3.840000e+00	2.500000e+01	1.250000e+01	1.250000e+01
3.840000e+00	4.000000e+00	1.875000e+01	1.082532e+01	1.082532e+01
# END HISTO1D

# BEGIN HISTO1D //afs/cern.ch/user/d/dsatco/herbvi6500/yoda_files/40TeV_iproc7099_ct14nlo.yoda/MC_SUSY/eta-e
ErrorBars=1
LineColor=blue
LineStyle=solid
Path=//afs/cern.ch/user/d/dsatco/herbvi6500/yoda_files/40TeV_iproc7099_ct14nlo.yoda/MC_SUSY/eta-e
Title=ct14nlo
XLabel=
YLabel=
# xlow	 xhigh	 val	 errminus	 errplus
-4.000000e+00	-3.840000e+00	4.375000e+01	1.653595e+01	1.653595e+01
-3.840000e+00	-3.680000e+00	4.375000e+01	1.653595e+01	1.653595e+01
-3.680000e+00	-3.520000e+00	1.062500e+02	2.576941e+01	2.576941e+01
-3.520000e+00	-3.360000e+00	1.187500e+02	2.724312e+01	2.724312e+01
-3.360000e+00	-3.200000e+00	1.250000e+02	2.795085e+01	2.795085e+01
-3.200000e+00	-3.040000e+00	2.187500e+02	3.697550e+01	3.697550e+01
-3.040000e+00	-2.880000e+00	3.000000e+02	4.330127e+01	4.330127e+01
-2.880000e+00	-2.720000e+00	5.687500e+02	5.962120e+01	5.962120e+01
-2.720000e+00	-2.560000e+00	8.187500e+02	7.153452e+01	7.153452e+01
-2.560000e+00	-2.400000e+00	1.112500e+03	8.338540e+01	8.338540e+01
-2.400000e+00	-2.240000e+00	1.475000e+03	9.601432e+01	9.601432e+01
-2.240000e+00	-2.080000e+00	2.337500e+03	1.208692e+02	1.208692e+02
-2.080000e+00	-1.920000e+00	3.212500e+03	1.416973e+02	1.416973e+02
-1.920000e+00	-1.760000e+00	4.468750e+03	1.671218e+02	1.671218e+02
-1.760000e+00	-1.600000e+00	6.443750e+03	2.006824e+02	2.006824e+02
-1.600000e+00	-1.440000e+00	8.968750e+03	2.367587e+02	2.367587e+02
-1.440000e+00	-1.280000e+00	1.245000e+04	2.789489e+02	2.789489e+02
-1.280000e+00	-1.120000e+00	1.621875e+04	3.183821e+02	3.183821e+02
-1.120000e+00	-9.600000e-01	2.185625e+04	3.695965e+02	3.695965e+02
-9.600000e-01	-8.000000e-01	2.681250e+04	4.093631e+02	4.093631e+02
-8.000000e-01	-6.400000e-01	3.477500e+04	4.662014e+02	4.662014e+02
-6.400000e-01	-4.800000e-01	4.138750e+04	5.085980e+02	5.085980e+02
-4.800000e-01	-3.200000e-01	4.905000e+04	5.536809e+02	5.536809e+02
-3.200000e-01	-1.600000e-01	5.215000e+04	5.709094e+02	5.709094e+02
-1.600000e-01	0.000000e+00	5.603125e+04	5.917730e+02	5.917730e+02
0.000000e+00	1.600000e-01	5.445000e+04	5.833631e+02	5.833631e+02
1.600000e-01	3.200000e-01	5.296250e+04	5.753396e+02	5.753396e+02
3.200000e-01	4.800000e-01	4.808125e+04	5.481859e+02	5.481859e+02
4.800000e-01	6.400000e-01	4.132500e+04	5.082138e+02	5.082138e+02
6.400000e-01	8.000000e-01	3.419375e+04	4.622888e+02	4.622888e+02
8.000000e-01	9.600000e-01	2.760625e+04	4.153782e+02	4.153782e+02
9.600000e-01	1.120000e+00	2.197500e+04	3.705992e+02	3.705992e+02
1.120000e+00	1.280000e+00	1.597500e+04	3.159806e+02	3.159806e+02
1.280000e+00	1.440000e+00	1.196250e+04	2.734330e+02	2.734330e+02
1.440000e+00	1.600000e+00	8.668750e+03	2.327653e+02	2.327653e+02
1.600000e+00	1.760000e+00	6.537500e+03	2.021370e+02	2.021370e+02
1.760000e+00	1.920000e+00	4.456250e+03	1.668879e+02	1.668879e+02
1.920000e+00	2.080000e+00	3.293750e+03	1.434780e+02	1.434780e+02
2.080000e+00	2.240000e+00	2.268750e+03	1.190785e+02	1.190785e+02
2.240000e+00	2.400000e+00	1.625000e+03	1.007782e+02	1.007782e+02
2.400000e+00	2.560000e+00	1.137500e+03	8.431711e+01	8.431711e+01
2.560000e+00	2.720000e+00	7.250000e+02	6.731456e+01	6.731456e+01
2.720000e+00	2.880000e+00	5.687500e+02	5.962120e+01	5.962120e+01
2.880000e+00	3.040000e+00	3.250000e+02	4.506939e+01	4.506939e+01
3.040000e+00	3.200000e+00	2.812500e+02	4.192627e+01	4.192627e+01
3.200000e+00	3.360000e+00	1.750000e+02	3.307189e+01	3.307189e+01
3.360000e+00	3.520000e+00	9.375000e+01	2.420615e+01	2.420615e+01
3.520000e+00	3.680000e+00	1.062500e+02	2.576941e+01	2.576941e+01
3.680000e+00	3.840000e+00	3.750000e+01	1.530931e+01	1.530931e+01
3.840000e+00	4.000000e+00	1.250000e+01	8.838835e+00	8.838835e+00
# END HISTO1D

# BEGIN HISTO1D //afs/cern.ch/user/d/dsatco/herbvi6500/yoda_files/40TeV_iproc7099_mmht2014.yoda/MC_SUSY/eta-e
ErrorBars=1
LineColor=green
LineStyle=solid
Path=//afs/cern.ch/user/d/dsatco/herbvi6500/yoda_files/40TeV_iproc7099_mmht2014.yoda/MC_SUSY/eta-e
Title=mmht2014
XLabel=
YLabel=
# xlow	 xhigh	 val	 errminus	 errplus
-4.000000e+00	-3.840000e+00	1.250000e+01	8.838835e+00	8.838835e+00
-3.840000e+00	-3.680000e+00	6.875000e+01	2.072890e+01	2.072890e+01
-3.680000e+00	-3.520000e+00	6.875000e+01	2.072890e+01	2.072890e+01
-3.520000e+00	-3.360000e+00	6.875000e+01	2.072890e+01	2.072890e+01
-3.360000e+00	-3.200000e+00	2.312500e+02	3.801727e+01	3.801727e+01
-3.200000e+00	-3.040000e+00	2.250000e+02	3.750000e+01	3.750000e+01
-3.040000e+00	-2.880000e+00	3.812500e+02	4.881406e+01	4.881406e+01
-2.880000e+00	-2.720000e+00	5.312500e+02	5.762215e+01	5.762215e+01
-2.720000e+00	-2.560000e+00	7.437500e+02	6.817945e+01	6.817945e+01
-2.560000e+00	-2.400000e+00	1.075000e+03	8.196798e+01	8.196798e+01
-2.400000e+00	-2.240000e+00	1.556250e+03	9.862334e+01	9.862334e+01
-2.240000e+00	-2.080000e+00	2.193750e+03	1.170937e+02	1.170937e+02
-2.080000e+00	-1.920000e+00	2.906250e+03	1.347741e+02	1.347741e+02
-1.920000e+00	-1.760000e+00	4.462500e+03	1.670049e+02	1.670049e+02
-1.760000e+00	-1.600000e+00	6.156250e+03	1.961544e+02	1.961544e+02
-1.600000e+00	-1.440000e+00	8.750000e+03	2.338536e+02	2.338536e+02
-1.440000e+00	-1.280000e+00	1.227500e+04	2.769815e+02	2.769815e+02
-1.280000e+00	-1.120000e+00	1.625000e+04	3.186887e+02	3.186887e+02
-1.120000e+00	-9.600000e-01	2.101875e+04	3.624461e+02	3.624461e+02
-9.600000e-01	-8.000000e-01	2.718750e+04	4.122158e+02	4.122158e+02
-8.000000e-01	-6.400000e-01	3.457500e+04	4.648588e+02	4.648588e+02
-6.400000e-01	-4.800000e-01	4.115000e+04	5.071366e+02	5.071366e+02
-4.800000e-01	-3.200000e-01	4.746250e+04	5.446472e+02	5.446472e+02
-3.200000e-01	-1.600000e-01	5.200625e+04	5.701220e+02	5.701220e+02
-1.600000e-01	0.000000e+00	5.580000e+04	5.905506e+02	5.905506e+02
0.000000e+00	1.600000e-01	5.516875e+04	5.872007e+02	5.872007e+02
1.600000e-01	3.200000e-01	5.237500e+04	5.721396e+02	5.721396e+02
3.200000e-01	4.800000e-01	4.863125e+04	5.513124e+02	5.513124e+02
4.800000e-01	6.400000e-01	4.181875e+04	5.112408e+02	5.112408e+02
6.400000e-01	8.000000e-01	3.370625e+04	4.589815e+02	4.589815e+02
8.000000e-01	9.600000e-01	2.778750e+04	4.167396e+02	4.167396e+02
9.600000e-01	1.120000e+00	2.166250e+04	3.679547e+02	3.679547e+02
1.120000e+00	1.280000e+00	1.609375e+04	3.171529e+02	3.171529e+02
1.280000e+00	1.440000e+00	1.213750e+04	2.754258e+02	2.754258e+02
1.440000e+00	1.600000e+00	8.762500e+03	2.340206e+02	2.340206e+02
1.600000e+00	1.760000e+00	6.706250e+03	2.047292e+02	2.047292e+02
1.760000e+00	1.920000e+00	4.462500e+03	1.670049e+02	1.670049e+02
1.920000e+00	2.080000e+00	3.100000e+03	1.391941e+02	1.391941e+02
2.080000e+00	2.240000e+00	2.237500e+03	1.182555e+02	1.182555e+02
2.240000e+00	2.400000e+00	1.600000e+03	1.000000e+02	1.000000e+02
2.400000e+00	2.560000e+00	1.031250e+03	8.028270e+01	8.028270e+01
2.560000e+00	2.720000e+00	7.375000e+02	6.789238e+01	6.789238e+01
2.720000e+00	2.880000e+00	4.875000e+02	5.519851e+01	5.519851e+01
2.880000e+00	3.040000e+00	2.875000e+02	4.238956e+01	4.238956e+01
3.040000e+00	3.200000e+00	2.437500e+02	3.903124e+01	3.903124e+01
3.200000e+00	3.360000e+00	1.875000e+02	3.423266e+01	3.423266e+01
3.360000e+00	3.520000e+00	6.875000e+01	2.072890e+01	2.072890e+01
3.520000e+00	3.680000e+00	8.750000e+01	2.338536e+01	2.338536e+01
3.680000e+00	3.840000e+00	3.125000e+01	1.397542e+01	1.397542e+01
3.840000e+00	4.000000e+00	1.250000e+01	8.838835e+00	8.838835e+00
# END HISTO1D

# BEGIN HISTO1D //afs/cern.ch/user/d/dsatco/herbvi6500/yoda_files/40TeV_iproc7099_nnpdf30.yoda/MC_SUSY/eta-e
ErrorBars=1
LineColor=orange
LineStyle=solid
Path=//afs/cern.ch/user/d/dsatco/herbvi6500/yoda_files/40TeV_iproc7099_nnpdf30.yoda/MC_SUSY/eta-e
Title=nnpdf30
XLabel=
YLabel=
# xlow	 xhigh	 val	 errminus	 errplus
-4.000000e+00	-3.840000e+00	3.125000e+01	1.397542e+01	1.397542e+01
-3.840000e+00	-3.680000e+00	5.000000e+01	1.767767e+01	1.767767e+01
-3.680000e+00	-3.520000e+00	6.250000e+01	1.976424e+01	1.976424e+01
-3.520000e+00	-3.360000e+00	6.250000e+01	1.976424e+01	1.976424e+01
-3.360000e+00	-3.200000e+00	1.187500e+02	2.724312e+01	2.724312e+01
-3.200000e+00	-3.040000e+00	2.625000e+02	4.050463e+01	4.050463e+01
-3.040000e+00	-2.880000e+00	2.937500e+02	4.284784e+01	4.284784e+01
-2.880000e+00	-2.720000e+00	5.687500e+02	5.962120e+01	5.962120e+01
-2.720000e+00	-2.560000e+00	7.187500e+02	6.702378e+01	6.702378e+01
-2.560000e+00	-2.400000e+00	1.168750e+03	8.546746e+01	8.546746e+01
-2.400000e+00	-2.240000e+00	1.750000e+03	1.045825e+02	1.045825e+02
-2.240000e+00	-2.080000e+00	2.287500e+03	1.195695e+02	1.195695e+02
-2.080000e+00	-1.920000e+00	3.306250e+03	1.437500e+02	1.437500e+02
-1.920000e+00	-1.760000e+00	4.225000e+03	1.625000e+02	1.625000e+02
-1.760000e+00	-1.600000e+00	6.368750e+03	1.995111e+02	1.995111e+02
-1.600000e+00	-1.440000e+00	8.818750e+03	2.347705e+02	2.347705e+02
-1.440000e+00	-1.280000e+00	1.241250e+04	2.785285e+02	2.785285e+02
-1.280000e+00	-1.120000e+00	1.580000e+04	3.142451e+02	3.142451e+02
-1.120000e+00	-9.600000e-01	2.126250e+04	3.645417e+02	3.645417e+02
-9.600000e-01	-8.000000e-01	2.702500e+04	4.109821e+02	4.109821e+02
-8.000000e-01	-6.400000e-01	3.425000e+04	4.626689e+02	4.626689e+02
-6.400000e-01	-4.800000e-01	4.127500e+04	5.079062e+02	5.079062e+02
-4.800000e-01	-3.200000e-01	4.685625e+04	5.411576e+02	5.411576e+02
-3.200000e-01	-1.600000e-01	5.220000e+04	5.711830e+02	5.711830e+02
-1.600000e-01	0.000000e+00	5.568750e+04	5.899550e+02	5.899550e+02
0.000000e+00	1.600000e-01	5.577500e+04	5.904183e+02	5.904183e+02
1.600000e-01	3.200000e-01	5.328750e+04	5.771021e+02	5.771021e+02
3.200000e-01	4.800000e-01	4.700625e+04	5.420231e+02	5.420231e+02
4.800000e-01	6.400000e-01	4.038750e+04	5.024160e+02	5.024160e+02
6.400000e-01	8.000000e-01	3.472500e+04	4.658661e+02	4.658661e+02
8.000000e-01	9.600000e-01	2.791250e+04	4.176759e+02	4.176759e+02
9.600000e-01	1.120000e+00	2.178750e+04	3.690147e+02	3.690147e+02
1.120000e+00	1.280000e+00	1.606250e+04	3.168448e+02	3.168448e+02
1.280000e+00	1.440000e+00	1.222500e+04	2.764168e+02	2.764168e+02
1.440000e+00	1.600000e+00	8.743750e+03	2.337701e+02	2.337701e+02
1.600000e+00	1.760000e+00	6.237500e+03	1.974446e+02	1.974446e+02
1.760000e+00	1.920000e+00	4.593750e+03	1.694430e+02	1.694430e+02
1.920000e+00	2.080000e+00	3.150000e+03	1.403122e+02	1.403122e+02
2.080000e+00	2.240000e+00	2.243750e+03	1.184206e+02	1.184206e+02
2.240000e+00	2.400000e+00	1.687500e+03	1.026980e+02	1.026980e+02
2.400000e+00	2.560000e+00	1.112500e+03	8.338540e+01	8.338540e+01
2.560000e+00	2.720000e+00	6.500000e+02	6.373774e+01	6.373774e+01
2.720000e+00	2.880000e+00	6.000000e+02	6.123724e+01	6.123724e+01
2.880000e+00	3.040000e+00	3.312500e+02	4.550069e+01	4.550069e+01
3.040000e+00	3.200000e+00	1.625000e+02	3.186887e+01	3.186887e+01
3.200000e+00	3.360000e+00	1.625000e+02	3.186887e+01	3.186887e+01
3.360000e+00	3.520000e+00	1.000000e+02	2.500000e+01	2.500000e+01
3.520000e+00	3.680000e+00	8.125000e+01	2.253470e+01	2.253470e+01
3.680000e+00	3.840000e+00	3.750000e+01	1.530931e+01	1.530931e+01
3.840000e+00	4.000000e+00	1.250000e+01	8.838835e+00	8.838835e+00
# END HISTO1D

