# BEGIN PLOT
RatioPlotYLabel=Ratio
LegendOnly=//afs/cern.ch/user/d/dsatco/herbvi6500/yoda_files/40TeV_iproc7099_20t_ev.yoda/MC_SUSY/eta-gamma-iso //afs/cern.ch/user/d/dsatco/herbvi6500/yoda_files/40TeV_iproc7099_ct14nlo.yoda/MC_SUSY/eta-gamma-iso //afs/cern.ch/user/d/dsatco/herbvi6500/yoda_files/40TeV_iproc7099_mmht2014.yoda/MC_SUSY/eta-gamma-iso //afs/cern.ch/user/d/dsatco/herbvi6500/yoda_files/40TeV_iproc7099_nnpdf30.yoda/MC_SUSY/eta-gamma-iso
XLabel=$\eta$
RatioPlotReference=//afs/cern.ch/user/d/dsatco/herbvi6500/yoda_files/40TeV_iproc7099_20t_ev.yoda/MC_SUSY/eta-gamma-iso
YLabel=$\mathrm{d}N_{\gamma\text{iso}}/\mathrm{d}\eta$
DrawOnly=//afs/cern.ch/user/d/dsatco/herbvi6500/yoda_files/40TeV_iproc7099_20t_ev.yoda/MC_SUSY/eta-gamma-iso //afs/cern.ch/user/d/dsatco/herbvi6500/yoda_files/40TeV_iproc7099_ct14nlo.yoda/MC_SUSY/eta-gamma-iso //afs/cern.ch/user/d/dsatco/herbvi6500/yoda_files/40TeV_iproc7099_mmht2014.yoda/MC_SUSY/eta-gamma-iso //afs/cern.ch/user/d/dsatco/herbvi6500/yoda_files/40TeV_iproc7099_nnpdf30.yoda/MC_SUSY/eta-gamma-iso
RatioPlot=1
Title=$\eta$ distribution for $\Delta{R}=0.2$ jet-isolated photons
Legend=1
LogY=0
# END PLOT

# BEGIN HISTO1D //afs/cern.ch/user/d/dsatco/herbvi6500/yoda_files/40TeV_iproc7099_20t_ev.yoda/MC_SUSY/eta-gamma-iso
ErrorBars=1
LineColor=red
LineStyle=solid
Path=//afs/cern.ch/user/d/dsatco/herbvi6500/yoda_files/40TeV_iproc7099_20t_ev.yoda/MC_SUSY/eta-gamma-iso
Title=mstw1998
XLabel=
YLabel=
# xlow	 xhigh	 val	 errminus	 errplus
-4.000000e+00	-3.840000e+00	6.250000e+00	6.250000e+00	6.250000e+00
-3.840000e+00	-3.680000e+00	1.875000e+01	1.082532e+01	1.082532e+01
-3.680000e+00	-3.520000e+00	2.500000e+01	1.250000e+01	1.250000e+01
-3.520000e+00	-3.360000e+00	1.875000e+01	1.082532e+01	1.082532e+01
-3.360000e+00	-3.200000e+00	2.500000e+01	1.250000e+01	1.250000e+01
-3.200000e+00	-3.040000e+00	5.000000e+01	1.767767e+01	1.767767e+01
-3.040000e+00	-2.880000e+00	7.500000e+01	2.165064e+01	2.165064e+01
-2.880000e+00	-2.720000e+00	1.750000e+02	3.307189e+01	3.307189e+01
-2.720000e+00	-2.560000e+00	3.937500e+02	4.960784e+01	4.960784e+01
-2.560000e+00	-2.400000e+00	6.250000e+02	6.250000e+01	6.250000e+01
-2.400000e+00	-2.240000e+00	1.437500e+03	9.478594e+01	9.478594e+01
-2.240000e+00	-2.080000e+00	2.018750e+03	1.123263e+02	1.123263e+02
-2.080000e+00	-1.920000e+00	4.575000e+03	1.690969e+02	1.690969e+02
-1.920000e+00	-1.760000e+00	8.887500e+03	2.356838e+02	2.356838e+02
-1.760000e+00	-1.600000e+00	1.491875e+04	3.053558e+02	3.053558e+02
-1.600000e+00	-1.440000e+00	2.518125e+04	3.967150e+02	3.967150e+02
-1.440000e+00	-1.280000e+00	4.285625e+04	5.175438e+02	5.175438e+02
-1.280000e+00	-1.120000e+00	7.013125e+04	6.620576e+02	6.620576e+02
-1.120000e+00	-9.600000e-01	1.096312e+05	8.277653e+02	8.277653e+02
-9.600000e-01	-8.000000e-01	1.620688e+05	1.006444e+03	1.006444e+03
-8.000000e-01	-6.400000e-01	2.307125e+05	1.200814e+03	1.200814e+03
-6.400000e-01	-4.800000e-01	3.056750e+05	1.382197e+03	1.382197e+03
-4.800000e-01	-3.200000e-01	3.836438e+05	1.548475e+03	1.548475e+03
-3.200000e-01	-1.600000e-01	4.399438e+05	1.658206e+03	1.658206e+03
-1.600000e-01	0.000000e+00	4.709375e+05	1.715622e+03	1.715622e+03
0.000000e+00	1.600000e-01	4.793875e+05	1.730945e+03	1.730945e+03
1.600000e-01	3.200000e-01	4.429438e+05	1.663850e+03	1.663850e+03
3.200000e-01	4.800000e-01	3.828938e+05	1.546960e+03	1.546960e+03
4.800000e-01	6.400000e-01	3.105562e+05	1.393189e+03	1.393189e+03
6.400000e-01	8.000000e-01	2.380812e+05	1.219839e+03	1.219839e+03
8.000000e-01	9.600000e-01	1.647000e+05	1.014581e+03	1.014581e+03
9.600000e-01	1.120000e+00	1.099750e+05	8.290620e+02	8.290620e+02
1.120000e+00	1.280000e+00	7.106875e+04	6.664681e+02	6.664681e+02
1.280000e+00	1.440000e+00	4.420625e+04	5.256321e+02	5.256321e+02
1.440000e+00	1.600000e+00	2.586250e+04	4.020456e+02	4.020456e+02
1.600000e+00	1.760000e+00	1.411250e+04	2.969901e+02	2.969901e+02
1.760000e+00	1.920000e+00	8.431250e+03	2.295546e+02	2.295546e+02
1.920000e+00	2.080000e+00	4.487500e+03	1.674720e+02	1.674720e+02
2.080000e+00	2.240000e+00	2.400000e+03	1.224745e+02	1.224745e+02
2.240000e+00	2.400000e+00	1.225000e+03	8.750000e+01	8.750000e+01
2.400000e+00	2.560000e+00	7.000000e+02	6.614378e+01	6.614378e+01
2.560000e+00	2.720000e+00	3.000000e+02	4.330127e+01	4.330127e+01
2.720000e+00	2.880000e+00	1.500000e+02	3.061862e+01	3.061862e+01
2.880000e+00	3.040000e+00	1.562500e+02	3.125000e+01	3.125000e+01
3.040000e+00	3.200000e+00	6.250000e+01	1.976424e+01	1.976424e+01
3.200000e+00	3.360000e+00	3.125000e+01	1.397542e+01	1.397542e+01
3.360000e+00	3.520000e+00	1.875000e+01	1.082532e+01	1.082532e+01
3.520000e+00	3.680000e+00	2.500000e+01	1.250000e+01	1.250000e+01
3.680000e+00	3.840000e+00	6.250000e+00	6.250000e+00	6.250000e+00
3.840000e+00	4.000000e+00	0.000000e+00	0.000000e+00	0.000000e+00
# END HISTO1D

# BEGIN HISTO1D //afs/cern.ch/user/d/dsatco/herbvi6500/yoda_files/40TeV_iproc7099_ct14nlo.yoda/MC_SUSY/eta-gamma-iso
ErrorBars=1
LineColor=blue
LineStyle=solid
Path=//afs/cern.ch/user/d/dsatco/herbvi6500/yoda_files/40TeV_iproc7099_ct14nlo.yoda/MC_SUSY/eta-gamma-iso
Title=ct14nlo
XLabel=
YLabel=
# xlow	 xhigh	 val	 errminus	 errplus
-4.000000e+00	-3.840000e+00	0.000000e+00	0.000000e+00	0.000000e+00
-3.840000e+00	-3.680000e+00	1.875000e+01	1.082532e+01	1.082532e+01
-3.680000e+00	-3.520000e+00	1.250000e+01	8.838835e+00	8.838835e+00
-3.520000e+00	-3.360000e+00	4.375000e+01	1.653595e+01	1.653595e+01
-3.360000e+00	-3.200000e+00	3.750000e+01	1.530931e+01	1.530931e+01
-3.200000e+00	-3.040000e+00	5.000000e+01	1.767767e+01	1.767767e+01
-3.040000e+00	-2.880000e+00	9.375000e+01	2.420615e+01	2.420615e+01
-2.880000e+00	-2.720000e+00	1.687500e+02	3.247595e+01	3.247595e+01
-2.720000e+00	-2.560000e+00	2.875000e+02	4.238956e+01	4.238956e+01
-2.560000e+00	-2.400000e+00	6.062500e+02	6.155536e+01	6.155536e+01
-2.400000e+00	-2.240000e+00	1.200000e+03	8.660254e+01	8.660254e+01
-2.240000e+00	-2.080000e+00	2.381250e+03	1.219951e+02	1.219951e+02
-2.080000e+00	-1.920000e+00	4.493750e+03	1.675886e+02	1.675886e+02
-1.920000e+00	-1.760000e+00	7.937500e+03	2.227316e+02	2.227316e+02
-1.760000e+00	-1.600000e+00	1.503750e+04	3.065687e+02	3.065687e+02
-1.600000e+00	-1.440000e+00	2.626250e+04	4.051427e+02	4.051427e+02
-1.440000e+00	-1.280000e+00	4.428125e+04	5.260778e+02	5.260778e+02
-1.280000e+00	-1.120000e+00	7.042500e+04	6.634427e+02	6.634427e+02
-1.120000e+00	-9.600000e-01	1.092937e+05	8.264901e+02	8.264901e+02
-9.600000e-01	-8.000000e-01	1.623375e+05	1.007278e+03	1.007278e+03
-8.000000e-01	-6.400000e-01	2.297750e+05	1.198371e+03	1.198371e+03
-6.400000e-01	-4.800000e-01	3.054250e+05	1.381632e+03	1.381632e+03
-4.800000e-01	-3.200000e-01	3.825250e+05	1.546215e+03	1.546215e+03
-3.200000e-01	-1.600000e-01	4.397688e+05	1.657877e+03	1.657877e+03
-1.600000e-01	0.000000e+00	4.719562e+05	1.717477e+03	1.717477e+03
0.000000e+00	1.600000e-01	4.642750e+05	1.703443e+03	1.703443e+03
1.600000e-01	3.200000e-01	4.347562e+05	1.648401e+03	1.648401e+03
3.200000e-01	4.800000e-01	3.827625e+05	1.546695e+03	1.546695e+03
4.800000e-01	6.400000e-01	3.056250e+05	1.382084e+03	1.382084e+03
6.400000e-01	8.000000e-01	2.329375e+05	1.206590e+03	1.206590e+03
8.000000e-01	9.600000e-01	1.620500e+05	1.006386e+03	1.006386e+03
9.600000e-01	1.120000e+00	1.101062e+05	8.295565e+02	8.295565e+02
1.120000e+00	1.280000e+00	7.088125e+04	6.655883e+02	6.655883e+02
1.280000e+00	1.440000e+00	4.328750e+04	5.201412e+02	5.201412e+02
1.440000e+00	1.600000e+00	2.600000e+04	4.031129e+02	4.031129e+02
1.600000e+00	1.760000e+00	1.520000e+04	3.082207e+02	3.082207e+02
1.760000e+00	1.920000e+00	8.675000e+03	2.328492e+02	2.328492e+02
1.920000e+00	2.080000e+00	4.437500e+03	1.665364e+02	1.665364e+02
2.080000e+00	2.240000e+00	2.400000e+03	1.224745e+02	1.224745e+02
2.240000e+00	2.400000e+00	1.118750e+03	8.361930e+01	8.361930e+01
2.400000e+00	2.560000e+00	7.500000e+02	6.846532e+01	6.846532e+01
2.560000e+00	2.720000e+00	3.750000e+02	4.841229e+01	4.841229e+01
2.720000e+00	2.880000e+00	1.500000e+02	3.061862e+01	3.061862e+01
2.880000e+00	3.040000e+00	7.500000e+01	2.165064e+01	2.165064e+01
3.040000e+00	3.200000e+00	3.750000e+01	1.530931e+01	1.530931e+01
3.200000e+00	3.360000e+00	1.875000e+01	1.082532e+01	1.082532e+01
3.360000e+00	3.520000e+00	1.250000e+01	8.838835e+00	8.838835e+00
3.520000e+00	3.680000e+00	1.875000e+01	1.082532e+01	1.082532e+01
3.680000e+00	3.840000e+00	0.000000e+00	0.000000e+00	0.000000e+00
3.840000e+00	4.000000e+00	1.250000e+01	8.838835e+00	8.838835e+00
# END HISTO1D

# BEGIN HISTO1D //afs/cern.ch/user/d/dsatco/herbvi6500/yoda_files/40TeV_iproc7099_mmht2014.yoda/MC_SUSY/eta-gamma-iso
ErrorBars=1
LineColor=green
LineStyle=solid
Path=//afs/cern.ch/user/d/dsatco/herbvi6500/yoda_files/40TeV_iproc7099_mmht2014.yoda/MC_SUSY/eta-gamma-iso
Title=mmht2014
XLabel=
YLabel=
# xlow	 xhigh	 val	 errminus	 errplus
-4.000000e+00	-3.840000e+00	6.250000e+00	6.250000e+00	6.250000e+00
-3.840000e+00	-3.680000e+00	1.250000e+01	8.838835e+00	8.838835e+00
-3.680000e+00	-3.520000e+00	1.875000e+01	1.082532e+01	1.082532e+01
-3.520000e+00	-3.360000e+00	2.500000e+01	1.250000e+01	1.250000e+01
-3.360000e+00	-3.200000e+00	1.250000e+01	8.838835e+00	8.838835e+00
-3.200000e+00	-3.040000e+00	3.125000e+01	1.397542e+01	1.397542e+01
-3.040000e+00	-2.880000e+00	1.125000e+02	2.651650e+01	2.651650e+01
-2.880000e+00	-2.720000e+00	1.937500e+02	3.479853e+01	3.479853e+01
-2.720000e+00	-2.560000e+00	3.812500e+02	4.881406e+01	4.881406e+01
-2.560000e+00	-2.400000e+00	6.187500e+02	6.218671e+01	6.218671e+01
-2.400000e+00	-2.240000e+00	1.112500e+03	8.338540e+01	8.338540e+01
-2.240000e+00	-2.080000e+00	2.331250e+03	1.207075e+02	1.207075e+02
-2.080000e+00	-1.920000e+00	4.387500e+03	1.655955e+02	1.655955e+02
-1.920000e+00	-1.760000e+00	7.987500e+03	2.234320e+02	2.234320e+02
-1.760000e+00	-1.600000e+00	1.521250e+04	3.083474e+02	3.083474e+02
-1.600000e+00	-1.440000e+00	2.545625e+04	3.988754e+02	3.988754e+02
-1.440000e+00	-1.280000e+00	4.352500e+04	5.215662e+02	5.215662e+02
-1.280000e+00	-1.120000e+00	6.901250e+04	6.567558e+02	6.567558e+02
-1.120000e+00	-9.600000e-01	1.106312e+05	8.315319e+02	8.315319e+02
-9.600000e-01	-8.000000e-01	1.625625e+05	1.007976e+03	1.007976e+03
-8.000000e-01	-6.400000e-01	2.343875e+05	1.210340e+03	1.210340e+03
-6.400000e-01	-4.800000e-01	3.079125e+05	1.387247e+03	1.387247e+03
-4.800000e-01	-3.200000e-01	3.760125e+05	1.532996e+03	1.532996e+03
-3.200000e-01	-1.600000e-01	4.379125e+05	1.654374e+03	1.654374e+03
-1.600000e-01	0.000000e+00	4.733875e+05	1.720079e+03	1.720079e+03
0.000000e+00	1.600000e-01	4.730188e+05	1.719409e+03	1.719409e+03
1.600000e-01	3.200000e-01	4.378188e+05	1.654197e+03	1.654197e+03
3.200000e-01	4.800000e-01	3.770188e+05	1.535046e+03	1.535046e+03
4.800000e-01	6.400000e-01	3.050125e+05	1.380698e+03	1.380698e+03
6.400000e-01	8.000000e-01	2.330125e+05	1.206784e+03	1.206784e+03
8.000000e-01	9.600000e-01	1.631000e+05	1.009641e+03	1.009641e+03
9.600000e-01	1.120000e+00	1.082125e+05	8.223917e+02	8.223917e+02
1.120000e+00	1.280000e+00	7.031250e+04	6.629126e+02	6.629126e+02
1.280000e+00	1.440000e+00	4.341875e+04	5.209292e+02	5.209292e+02
1.440000e+00	1.600000e+00	2.527500e+04	3.974528e+02	3.974528e+02
1.600000e+00	1.760000e+00	1.450000e+04	3.010399e+02	3.010399e+02
1.760000e+00	1.920000e+00	8.475000e+03	2.301494e+02	2.301494e+02
1.920000e+00	2.080000e+00	4.550000e+03	1.686342e+02	1.686342e+02
2.080000e+00	2.240000e+00	2.312500e+03	1.202212e+02	1.202212e+02
2.240000e+00	2.400000e+00	1.506250e+03	9.702609e+01	9.702609e+01
2.400000e+00	2.560000e+00	6.437500e+02	6.343057e+01	6.343057e+01
2.560000e+00	2.720000e+00	3.125000e+02	4.419417e+01	4.419417e+01
2.720000e+00	2.880000e+00	1.187500e+02	2.724312e+01	2.724312e+01
2.880000e+00	3.040000e+00	5.625000e+01	1.875000e+01	1.875000e+01
3.040000e+00	3.200000e+00	6.875000e+01	2.072890e+01	2.072890e+01
3.200000e+00	3.360000e+00	3.750000e+01	1.530931e+01	1.530931e+01
3.360000e+00	3.520000e+00	1.250000e+01	8.838835e+00	8.838835e+00
3.520000e+00	3.680000e+00	6.250000e+00	6.250000e+00	6.250000e+00
3.680000e+00	3.840000e+00	6.250000e+00	6.250000e+00	6.250000e+00
3.840000e+00	4.000000e+00	1.875000e+01	1.082532e+01	1.082532e+01
# END HISTO1D

# BEGIN HISTO1D //afs/cern.ch/user/d/dsatco/herbvi6500/yoda_files/40TeV_iproc7099_nnpdf30.yoda/MC_SUSY/eta-gamma-iso
ErrorBars=1
LineColor=orange
LineStyle=solid
Path=//afs/cern.ch/user/d/dsatco/herbvi6500/yoda_files/40TeV_iproc7099_nnpdf30.yoda/MC_SUSY/eta-gamma-iso
Title=nnpdf30
XLabel=
YLabel=
# xlow	 xhigh	 val	 errminus	 errplus
-4.000000e+00	-3.840000e+00	1.250000e+01	8.838835e+00	8.838835e+00
-3.840000e+00	-3.680000e+00	6.250000e+00	6.250000e+00	6.250000e+00
-3.680000e+00	-3.520000e+00	6.250000e+00	6.250000e+00	6.250000e+00
-3.520000e+00	-3.360000e+00	1.250000e+01	8.838835e+00	8.838835e+00
-3.360000e+00	-3.200000e+00	1.875000e+01	1.082532e+01	1.082532e+01
-3.200000e+00	-3.040000e+00	6.875000e+01	2.072890e+01	2.072890e+01
-3.040000e+00	-2.880000e+00	1.000000e+02	2.500000e+01	2.500000e+01
-2.880000e+00	-2.720000e+00	2.125000e+02	3.644345e+01	3.644345e+01
-2.720000e+00	-2.560000e+00	3.500000e+02	4.677072e+01	4.677072e+01
-2.560000e+00	-2.400000e+00	5.687500e+02	5.962120e+01	5.962120e+01
-2.400000e+00	-2.240000e+00	1.231250e+03	8.772293e+01	8.772293e+01
-2.240000e+00	-2.080000e+00	1.881250e+03	1.084334e+02	1.084334e+02
-2.080000e+00	-1.920000e+00	4.550000e+03	1.686342e+02	1.686342e+02
-1.920000e+00	-1.760000e+00	8.143750e+03	2.256068e+02	2.256068e+02
-1.760000e+00	-1.600000e+00	1.483750e+04	3.045232e+02	3.045232e+02
-1.600000e+00	-1.440000e+00	2.593125e+04	4.025796e+02	4.025796e+02
-1.440000e+00	-1.280000e+00	4.384375e+04	5.234725e+02	5.234725e+02
-1.280000e+00	-1.120000e+00	7.073750e+04	6.649131e+02	6.649131e+02
-1.120000e+00	-9.600000e-01	1.081125e+05	8.220116e+02	8.220116e+02
-9.600000e-01	-8.000000e-01	1.628875e+05	1.008983e+03	1.008983e+03
-8.000000e-01	-6.400000e-01	2.308312e+05	1.201123e+03	1.201123e+03
-6.400000e-01	-4.800000e-01	3.037125e+05	1.377753e+03	1.377753e+03
-4.800000e-01	-3.200000e-01	3.783063e+05	1.537665e+03	1.537665e+03
-3.200000e-01	-1.600000e-01	4.336750e+05	1.646350e+03	1.646350e+03
-1.600000e-01	0.000000e+00	4.745375e+05	1.722167e+03	1.722167e+03
0.000000e+00	1.600000e-01	4.719062e+05	1.717386e+03	1.717386e+03
1.600000e-01	3.200000e-01	4.333875e+05	1.645804e+03	1.645804e+03
3.200000e-01	4.800000e-01	3.788750e+05	1.538821e+03	1.538821e+03
4.800000e-01	6.400000e-01	3.064062e+05	1.383849e+03	1.383849e+03
6.400000e-01	8.000000e-01	2.338250e+05	1.208886e+03	1.208886e+03
8.000000e-01	9.600000e-01	1.612938e+05	1.004035e+03	1.004035e+03
9.600000e-01	1.120000e+00	1.112437e+05	8.338306e+02	8.338306e+02
1.120000e+00	1.280000e+00	6.807500e+04	6.522797e+02	6.522797e+02
1.280000e+00	1.440000e+00	4.211875e+04	5.130713e+02	5.130713e+02
1.440000e+00	1.600000e+00	2.632500e+04	4.056245e+02	4.056245e+02
1.600000e+00	1.760000e+00	1.481875e+04	3.043307e+02	3.043307e+02
1.760000e+00	1.920000e+00	7.843750e+03	2.214124e+02	2.214124e+02
1.920000e+00	2.080000e+00	4.518750e+03	1.680541e+02	1.680541e+02
2.080000e+00	2.240000e+00	2.325000e+03	1.205456e+02	1.205456e+02
2.240000e+00	2.400000e+00	1.200000e+03	8.660254e+01	8.660254e+01
2.400000e+00	2.560000e+00	6.062500e+02	6.155536e+01	6.155536e+01
2.560000e+00	2.720000e+00	3.062500e+02	4.375000e+01	4.375000e+01
2.720000e+00	2.880000e+00	1.625000e+02	3.186887e+01	3.186887e+01
2.880000e+00	3.040000e+00	8.750000e+01	2.338536e+01	2.338536e+01
3.040000e+00	3.200000e+00	9.375000e+01	2.420615e+01	2.420615e+01
3.200000e+00	3.360000e+00	5.000000e+01	1.767767e+01	1.767767e+01
3.360000e+00	3.520000e+00	1.875000e+01	1.082532e+01	1.082532e+01
3.520000e+00	3.680000e+00	1.875000e+01	1.082532e+01	1.082532e+01
3.680000e+00	3.840000e+00	6.250000e+00	6.250000e+00	6.250000e+00
3.840000e+00	4.000000e+00	0.000000e+00	0.000000e+00	0.000000e+00
# END HISTO1D

