# BEGIN PLOT
RatioPlotYLabel=Ratio
LegendOnly=//afs/cern.ch/user/d/dsatco/herbvi6500/yoda_files/40TeV_iproc7099_20t_ev.yoda/MC_SUSY/mll-all-ossf-ee //afs/cern.ch/user/d/dsatco/herbvi6500/yoda_files/40TeV_iproc7099_ct14nlo.yoda/MC_SUSY/mll-all-ossf-ee //afs/cern.ch/user/d/dsatco/herbvi6500/yoda_files/40TeV_iproc7099_mmht2014.yoda/MC_SUSY/mll-all-ossf-ee //afs/cern.ch/user/d/dsatco/herbvi6500/yoda_files/40TeV_iproc7099_nnpdf30.yoda/MC_SUSY/mll-all-ossf-ee
XLabel=$m_{ee}$
RatioPlotReference=//afs/cern.ch/user/d/dsatco/herbvi6500/yoda_files/40TeV_iproc7099_20t_ev.yoda/MC_SUSY/mll-all-ossf-ee
YLabel=$\mathrm{d}N_\text{cand}/\mathrm{d}m_{ee}$
DrawOnly=//afs/cern.ch/user/d/dsatco/herbvi6500/yoda_files/40TeV_iproc7099_20t_ev.yoda/MC_SUSY/mll-all-ossf-ee //afs/cern.ch/user/d/dsatco/herbvi6500/yoda_files/40TeV_iproc7099_ct14nlo.yoda/MC_SUSY/mll-all-ossf-ee //afs/cern.ch/user/d/dsatco/herbvi6500/yoda_files/40TeV_iproc7099_mmht2014.yoda/MC_SUSY/mll-all-ossf-ee //afs/cern.ch/user/d/dsatco/herbvi6500/yoda_files/40TeV_iproc7099_nnpdf30.yoda/MC_SUSY/mll-all-ossf-ee
RatioPlot=1
Title=$m_{ee}$ distribution for combinatoric $e^+ e^-$
Legend=1
LogY=0
# END PLOT

# BEGIN HISTO1D //afs/cern.ch/user/d/dsatco/herbvi6500/yoda_files/40TeV_iproc7099_20t_ev.yoda/MC_SUSY/mll-all-ossf-ee
ErrorBars=1
LineColor=red
LineStyle=solid
Path=//afs/cern.ch/user/d/dsatco/herbvi6500/yoda_files/40TeV_iproc7099_20t_ev.yoda/MC_SUSY/mll-all-ossf-ee
Title=mstw1998
XLabel=
YLabel=
# xlow	 xhigh	 val	 errminus	 errplus
0.000000e+00	1.000000e+01	1.419000e+02	3.766962e+00	3.766962e+00
1.000000e+01	2.000000e+01	9.530000e+01	3.087070e+00	3.087070e+00
2.000000e+01	3.000000e+01	1.547000e+02	3.933192e+00	3.933192e+00
3.000000e+01	4.000000e+01	1.999000e+02	4.471018e+00	4.471018e+00
4.000000e+01	5.000000e+01	2.621000e+02	5.119570e+00	5.119570e+00
5.000000e+01	6.000000e+01	3.011000e+02	5.487258e+00	5.487258e+00
6.000000e+01	7.000000e+01	3.465000e+02	5.886425e+00	5.886425e+00
7.000000e+01	8.000000e+01	3.459000e+02	5.881326e+00	5.881326e+00
8.000000e+01	9.000000e+01	3.540000e+02	5.949790e+00	5.949790e+00
9.000000e+01	1.000000e+02	7.965000e+02	8.924685e+00	8.924685e+00
1.000000e+02	1.100000e+02	3.421000e+02	5.848932e+00	5.848932e+00
1.100000e+02	1.200000e+02	3.344000e+02	5.782733e+00	5.782733e+00
1.200000e+02	1.300000e+02	3.235000e+02	5.687706e+00	5.687706e+00
1.300000e+02	1.400000e+02	3.037000e+02	5.510898e+00	5.510898e+00
1.400000e+02	1.500000e+02	3.085000e+02	5.554278e+00	5.554278e+00
1.500000e+02	1.600000e+02	2.979000e+02	5.458022e+00	5.458022e+00
1.600000e+02	1.700000e+02	2.784000e+02	5.276362e+00	5.276362e+00
1.700000e+02	1.800000e+02	2.698000e+02	5.194228e+00	5.194228e+00
1.800000e+02	1.900000e+02	2.539000e+02	5.038849e+00	5.038849e+00
1.900000e+02	2.000000e+02	2.533000e+02	5.032892e+00	5.032892e+00
2.000000e+02	2.100000e+02	2.410000e+02	4.909175e+00	4.909175e+00
2.100000e+02	2.200000e+02	2.242000e+02	4.734976e+00	4.734976e+00
2.200000e+02	2.300000e+02	2.162000e+02	4.649731e+00	4.649731e+00
2.300000e+02	2.400000e+02	2.003000e+02	4.475489e+00	4.475489e+00
2.400000e+02	2.500000e+02	1.892000e+02	4.349713e+00	4.349713e+00
2.500000e+02	2.600000e+02	1.833000e+02	4.281355e+00	4.281355e+00
2.600000e+02	2.700000e+02	1.702000e+02	4.125530e+00	4.125530e+00
2.700000e+02	2.800000e+02	1.544000e+02	3.929377e+00	3.929377e+00
2.800000e+02	2.900000e+02	1.543000e+02	3.928104e+00	3.928104e+00
2.900000e+02	3.000000e+02	1.515000e+02	3.892300e+00	3.892300e+00
3.000000e+02	3.100000e+02	1.452000e+02	3.810512e+00	3.810512e+00
3.100000e+02	3.200000e+02	1.359000e+02	3.686462e+00	3.686462e+00
3.200000e+02	3.300000e+02	1.235000e+02	3.514257e+00	3.514257e+00
3.300000e+02	3.400000e+02	1.192000e+02	3.452535e+00	3.452535e+00
3.400000e+02	3.500000e+02	1.157000e+02	3.401470e+00	3.401470e+00
3.500000e+02	3.600000e+02	1.063000e+02	3.260368e+00	3.260368e+00
3.600000e+02	3.700000e+02	1.006000e+02	3.171750e+00	3.171750e+00
3.700000e+02	3.800000e+02	9.630000e+01	3.103224e+00	3.103224e+00
3.800000e+02	3.900000e+02	9.130000e+01	3.021589e+00	3.021589e+00
3.900000e+02	4.000000e+02	8.830000e+01	2.971532e+00	2.971532e+00
4.000000e+02	4.100000e+02	8.060000e+01	2.839014e+00	2.839014e+00
4.100000e+02	4.200000e+02	8.060000e+01	2.839014e+00	2.839014e+00
4.200000e+02	4.300000e+02	7.820000e+01	2.796426e+00	2.796426e+00
4.300000e+02	4.400000e+02	7.100000e+01	2.664583e+00	2.664583e+00
4.400000e+02	4.500000e+02	7.000000e+01	2.645751e+00	2.645751e+00
4.500000e+02	4.600000e+02	6.540000e+01	2.557342e+00	2.557342e+00
4.600000e+02	4.700000e+02	6.300000e+01	2.509980e+00	2.509980e+00
4.700000e+02	4.800000e+02	5.910000e+01	2.431049e+00	2.431049e+00
4.800000e+02	4.900000e+02	5.950000e+01	2.439262e+00	2.439262e+00
4.900000e+02	5.000000e+02	5.090000e+01	2.256103e+00	2.256103e+00
# END HISTO1D

# BEGIN HISTO1D //afs/cern.ch/user/d/dsatco/herbvi6500/yoda_files/40TeV_iproc7099_ct14nlo.yoda/MC_SUSY/mll-all-ossf-ee
ErrorBars=1
LineColor=blue
LineStyle=solid
Path=//afs/cern.ch/user/d/dsatco/herbvi6500/yoda_files/40TeV_iproc7099_ct14nlo.yoda/MC_SUSY/mll-all-ossf-ee
Title=ct14nlo
XLabel=
YLabel=
# xlow	 xhigh	 val	 errminus	 errplus
0.000000e+00	1.000000e+01	1.404000e+02	3.746999e+00	3.746999e+00
1.000000e+01	2.000000e+01	9.740000e+01	3.120897e+00	3.120897e+00
2.000000e+01	3.000000e+01	1.548000e+02	3.934463e+00	3.934463e+00
3.000000e+01	4.000000e+01	2.051000e+02	4.528797e+00	4.528797e+00
4.000000e+01	5.000000e+01	2.647000e+02	5.144900e+00	5.144900e+00
5.000000e+01	6.000000e+01	3.134000e+02	5.598214e+00	5.598214e+00
6.000000e+01	7.000000e+01	3.365000e+02	5.800862e+00	5.800862e+00
7.000000e+01	8.000000e+01	3.442000e+02	5.866856e+00	5.866856e+00
8.000000e+01	9.000000e+01	3.441000e+02	5.866004e+00	5.866004e+00
9.000000e+01	1.000000e+02	7.873000e+02	8.872993e+00	8.872993e+00
1.000000e+02	1.100000e+02	3.446000e+02	5.870264e+00	5.870264e+00
1.100000e+02	1.200000e+02	3.429000e+02	5.855766e+00	5.855766e+00
1.200000e+02	1.300000e+02	3.172000e+02	5.632051e+00	5.632051e+00
1.300000e+02	1.400000e+02	3.254000e+02	5.704384e+00	5.704384e+00
1.400000e+02	1.500000e+02	3.040000e+02	5.513620e+00	5.513620e+00
1.500000e+02	1.600000e+02	2.895000e+02	5.380520e+00	5.380520e+00
1.600000e+02	1.700000e+02	2.728000e+02	5.223026e+00	5.223026e+00
1.700000e+02	1.800000e+02	2.710000e+02	5.205766e+00	5.205766e+00
1.800000e+02	1.900000e+02	2.556000e+02	5.055690e+00	5.055690e+00
1.900000e+02	2.000000e+02	2.388000e+02	4.886717e+00	4.886717e+00
2.000000e+02	2.100000e+02	2.358000e+02	4.855924e+00	4.855924e+00
2.100000e+02	2.200000e+02	2.179000e+02	4.667976e+00	4.667976e+00
2.200000e+02	2.300000e+02	2.082000e+02	4.562894e+00	4.562894e+00
2.300000e+02	2.400000e+02	1.984000e+02	4.454211e+00	4.454211e+00
2.400000e+02	2.500000e+02	1.844000e+02	4.294182e+00	4.294182e+00
2.500000e+02	2.600000e+02	1.799000e+02	4.241462e+00	4.241462e+00
2.600000e+02	2.700000e+02	1.654000e+02	4.066940e+00	4.066940e+00
2.700000e+02	2.800000e+02	1.616000e+02	4.019950e+00	4.019950e+00
2.800000e+02	2.900000e+02	1.559000e+02	3.948417e+00	3.948417e+00
2.900000e+02	3.000000e+02	1.449000e+02	3.806573e+00	3.806573e+00
3.000000e+02	3.100000e+02	1.363000e+02	3.691883e+00	3.691883e+00
3.100000e+02	3.200000e+02	1.326000e+02	3.641428e+00	3.641428e+00
3.200000e+02	3.300000e+02	1.250000e+02	3.535534e+00	3.535534e+00
3.300000e+02	3.400000e+02	1.178000e+02	3.432200e+00	3.432200e+00
3.400000e+02	3.500000e+02	1.111000e+02	3.333167e+00	3.333167e+00
3.500000e+02	3.600000e+02	1.032000e+02	3.212476e+00	3.212476e+00
3.600000e+02	3.700000e+02	1.025000e+02	3.201562e+00	3.201562e+00
3.700000e+02	3.800000e+02	9.380000e+01	3.062679e+00	3.062679e+00
3.800000e+02	3.900000e+02	9.570000e+01	3.093542e+00	3.093542e+00
3.900000e+02	4.000000e+02	8.830000e+01	2.971532e+00	2.971532e+00
4.000000e+02	4.100000e+02	8.060000e+01	2.839014e+00	2.839014e+00
4.100000e+02	4.200000e+02	7.700000e+01	2.774887e+00	2.774887e+00
4.200000e+02	4.300000e+02	7.830000e+01	2.798214e+00	2.798214e+00
4.300000e+02	4.400000e+02	6.930000e+01	2.632489e+00	2.632489e+00
4.400000e+02	4.500000e+02	7.150000e+01	2.673948e+00	2.673948e+00
4.500000e+02	4.600000e+02	6.470000e+01	2.543619e+00	2.543619e+00
4.600000e+02	4.700000e+02	6.170000e+01	2.483948e+00	2.483948e+00
4.700000e+02	4.800000e+02	5.920000e+01	2.433105e+00	2.433105e+00
4.800000e+02	4.900000e+02	5.690000e+01	2.385372e+00	2.385372e+00
4.900000e+02	5.000000e+02	5.530000e+01	2.351595e+00	2.351595e+00
# END HISTO1D

# BEGIN HISTO1D //afs/cern.ch/user/d/dsatco/herbvi6500/yoda_files/40TeV_iproc7099_mmht2014.yoda/MC_SUSY/mll-all-ossf-ee
ErrorBars=1
LineColor=green
LineStyle=solid
Path=//afs/cern.ch/user/d/dsatco/herbvi6500/yoda_files/40TeV_iproc7099_mmht2014.yoda/MC_SUSY/mll-all-ossf-ee
Title=mmht2014
XLabel=
YLabel=
# xlow	 xhigh	 val	 errminus	 errplus
0.000000e+00	1.000000e+01	1.440000e+02	3.794733e+00	3.794733e+00
1.000000e+01	2.000000e+01	9.710000e+01	3.116087e+00	3.116087e+00
2.000000e+01	3.000000e+01	1.568000e+02	3.959798e+00	3.959798e+00
3.000000e+01	4.000000e+01	2.010000e+02	4.483302e+00	4.483302e+00
4.000000e+01	5.000000e+01	2.603000e+02	5.101960e+00	5.101960e+00
5.000000e+01	6.000000e+01	2.962000e+02	5.442426e+00	5.442426e+00
6.000000e+01	7.000000e+01	3.295000e+02	5.740209e+00	5.740209e+00
7.000000e+01	8.000000e+01	3.421000e+02	5.848932e+00	5.848932e+00
8.000000e+01	9.000000e+01	3.354000e+02	5.791373e+00	5.791373e+00
9.000000e+01	1.000000e+02	7.793000e+02	8.827797e+00	8.827797e+00
1.000000e+02	1.100000e+02	3.421000e+02	5.848932e+00	5.848932e+00
1.100000e+02	1.200000e+02	3.307000e+02	5.750652e+00	5.750652e+00
1.200000e+02	1.300000e+02	3.198000e+02	5.655086e+00	5.655086e+00
1.300000e+02	1.400000e+02	3.150000e+02	5.612486e+00	5.612486e+00
1.400000e+02	1.500000e+02	2.918000e+02	5.401852e+00	5.401852e+00
1.500000e+02	1.600000e+02	2.785000e+02	5.277310e+00	5.277310e+00
1.600000e+02	1.700000e+02	2.732000e+02	5.226854e+00	5.226854e+00
1.700000e+02	1.800000e+02	2.668000e+02	5.165269e+00	5.165269e+00
1.800000e+02	1.900000e+02	2.479000e+02	4.978956e+00	4.978956e+00
1.900000e+02	2.000000e+02	2.437000e+02	4.936598e+00	4.936598e+00
2.000000e+02	2.100000e+02	2.278000e+02	4.772840e+00	4.772840e+00
2.100000e+02	2.200000e+02	2.218000e+02	4.709565e+00	4.709565e+00
2.200000e+02	2.300000e+02	2.057000e+02	4.535416e+00	4.535416e+00
2.300000e+02	2.400000e+02	1.936000e+02	4.400000e+00	4.400000e+00
2.400000e+02	2.500000e+02	1.870000e+02	4.324350e+00	4.324350e+00
2.500000e+02	2.600000e+02	1.745000e+02	4.177320e+00	4.177320e+00
2.600000e+02	2.700000e+02	1.702000e+02	4.125530e+00	4.125530e+00
2.700000e+02	2.800000e+02	1.569000e+02	3.961060e+00	3.961060e+00
2.800000e+02	2.900000e+02	1.472000e+02	3.836665e+00	3.836665e+00
2.900000e+02	3.000000e+02	1.433000e+02	3.785499e+00	3.785499e+00
3.000000e+02	3.100000e+02	1.330000e+02	3.646917e+00	3.646917e+00
3.100000e+02	3.200000e+02	1.276000e+02	3.572114e+00	3.572114e+00
3.200000e+02	3.300000e+02	1.212000e+02	3.481379e+00	3.481379e+00
3.300000e+02	3.400000e+02	1.133000e+02	3.366007e+00	3.366007e+00
3.400000e+02	3.500000e+02	1.077000e+02	3.281768e+00	3.281768e+00
3.500000e+02	3.600000e+02	1.050000e+02	3.240370e+00	3.240370e+00
3.600000e+02	3.700000e+02	1.008000e+02	3.174902e+00	3.174902e+00
3.700000e+02	3.800000e+02	8.890000e+01	2.981610e+00	2.981610e+00
3.800000e+02	3.900000e+02	9.200000e+01	3.033150e+00	3.033150e+00
3.900000e+02	4.000000e+02	8.640000e+01	2.939388e+00	2.939388e+00
4.000000e+02	4.100000e+02	8.200000e+01	2.863564e+00	2.863564e+00
4.100000e+02	4.200000e+02	7.720000e+01	2.778489e+00	2.778489e+00
4.200000e+02	4.300000e+02	7.820000e+01	2.796426e+00	2.796426e+00
4.300000e+02	4.400000e+02	6.870000e+01	2.621068e+00	2.621068e+00
4.400000e+02	4.500000e+02	6.420000e+01	2.533772e+00	2.533772e+00
4.500000e+02	4.600000e+02	6.870000e+01	2.621068e+00	2.621068e+00
4.600000e+02	4.700000e+02	6.150000e+01	2.479919e+00	2.479919e+00
4.700000e+02	4.800000e+02	5.420000e+01	2.328089e+00	2.328089e+00
4.800000e+02	4.900000e+02	5.800000e+01	2.408319e+00	2.408319e+00
4.900000e+02	5.000000e+02	5.150000e+01	2.269361e+00	2.269361e+00
# END HISTO1D

# BEGIN HISTO1D //afs/cern.ch/user/d/dsatco/herbvi6500/yoda_files/40TeV_iproc7099_nnpdf30.yoda/MC_SUSY/mll-all-ossf-ee
ErrorBars=1
LineColor=orange
LineStyle=solid
Path=//afs/cern.ch/user/d/dsatco/herbvi6500/yoda_files/40TeV_iproc7099_nnpdf30.yoda/MC_SUSY/mll-all-ossf-ee
Title=nnpdf30
XLabel=
YLabel=
# xlow	 xhigh	 val	 errminus	 errplus
0.000000e+00	1.000000e+01	1.453000e+02	3.811824e+00	3.811824e+00
1.000000e+01	2.000000e+01	1.011000e+02	3.179623e+00	3.179623e+00
2.000000e+01	3.000000e+01	1.552000e+02	3.939543e+00	3.939543e+00
3.000000e+01	4.000000e+01	2.020000e+02	4.494441e+00	4.494441e+00
4.000000e+01	5.000000e+01	2.616000e+02	5.114685e+00	5.114685e+00
5.000000e+01	6.000000e+01	3.030000e+02	5.504544e+00	5.504544e+00
6.000000e+01	7.000000e+01	3.280000e+02	5.727128e+00	5.727128e+00
7.000000e+01	8.000000e+01	3.384000e+02	5.817216e+00	5.817216e+00
8.000000e+01	9.000000e+01	3.484000e+02	5.902542e+00	5.902542e+00
9.000000e+01	1.000000e+02	7.668000e+02	8.756712e+00	8.756712e+00
1.000000e+02	1.100000e+02	3.463000e+02	5.884726e+00	5.884726e+00
1.100000e+02	1.200000e+02	3.215000e+02	5.670097e+00	5.670097e+00
1.200000e+02	1.300000e+02	3.209000e+02	5.664804e+00	5.664804e+00
1.300000e+02	1.400000e+02	3.124000e+02	5.589275e+00	5.589275e+00
1.400000e+02	1.500000e+02	2.964000e+02	5.444263e+00	5.444263e+00
1.500000e+02	1.600000e+02	2.805000e+02	5.296225e+00	5.296225e+00
1.600000e+02	1.700000e+02	2.794000e+02	5.285830e+00	5.285830e+00
1.700000e+02	1.800000e+02	2.609000e+02	5.107837e+00	5.107837e+00
1.800000e+02	1.900000e+02	2.518000e+02	5.017968e+00	5.017968e+00
1.900000e+02	2.000000e+02	2.485000e+02	4.984977e+00	4.984977e+00
2.000000e+02	2.100000e+02	2.307000e+02	4.803124e+00	4.803124e+00
2.100000e+02	2.200000e+02	2.203000e+02	4.693613e+00	4.693613e+00
2.200000e+02	2.300000e+02	2.118000e+02	4.602173e+00	4.602173e+00
2.300000e+02	2.400000e+02	2.007000e+02	4.479955e+00	4.479955e+00
2.400000e+02	2.500000e+02	1.814000e+02	4.259108e+00	4.259108e+00
2.500000e+02	2.600000e+02	1.739000e+02	4.170132e+00	4.170132e+00
2.600000e+02	2.700000e+02	1.697000e+02	4.119466e+00	4.119466e+00
2.700000e+02	2.800000e+02	1.621000e+02	4.026164e+00	4.026164e+00
2.800000e+02	2.900000e+02	1.484000e+02	3.852272e+00	3.852272e+00
2.900000e+02	3.000000e+02	1.376000e+02	3.709447e+00	3.709447e+00
3.000000e+02	3.100000e+02	1.332000e+02	3.649658e+00	3.649658e+00
3.100000e+02	3.200000e+02	1.235000e+02	3.514257e+00	3.514257e+00
3.200000e+02	3.300000e+02	1.204000e+02	3.469870e+00	3.469870e+00
3.300000e+02	3.400000e+02	1.080000e+02	3.286335e+00	3.286335e+00
3.400000e+02	3.500000e+02	1.093000e+02	3.306055e+00	3.306055e+00
3.500000e+02	3.600000e+02	1.031000e+02	3.210919e+00	3.210919e+00
3.600000e+02	3.700000e+02	9.900000e+01	3.146427e+00	3.146427e+00
3.700000e+02	3.800000e+02	9.320000e+01	3.052868e+00	3.052868e+00
3.800000e+02	3.900000e+02	9.450000e+01	3.074085e+00	3.074085e+00
3.900000e+02	4.000000e+02	8.230000e+01	2.868798e+00	2.868798e+00
4.000000e+02	4.100000e+02	8.170000e+01	2.858321e+00	2.858321e+00
4.100000e+02	4.200000e+02	8.000000e+01	2.828427e+00	2.828427e+00
4.200000e+02	4.300000e+02	7.960000e+01	2.821347e+00	2.821347e+00
4.300000e+02	4.400000e+02	7.170000e+01	2.677686e+00	2.677686e+00
4.400000e+02	4.500000e+02	6.600000e+01	2.569047e+00	2.569047e+00
4.500000e+02	4.600000e+02	6.690000e+01	2.586503e+00	2.586503e+00
4.600000e+02	4.700000e+02	6.200000e+01	2.489980e+00	2.489980e+00
4.700000e+02	4.800000e+02	5.530000e+01	2.351595e+00	2.351595e+00
4.800000e+02	4.900000e+02	5.710000e+01	2.389561e+00	2.389561e+00
4.900000e+02	5.000000e+02	5.380000e+01	2.319483e+00	2.319483e+00
# END HISTO1D

