# BEGIN PLOT
RatioPlotYLabel=Ratio
LegendOnly=//afs/cern.ch/user/d/dsatco/herbvi6500/yoda_files/40TeV_iproc7099_20t_ev.yoda/MC_SUSY/mll-all-osof-emu //afs/cern.ch/user/d/dsatco/herbvi6500/yoda_files/40TeV_iproc7099_ct14nlo.yoda/MC_SUSY/mll-all-osof-emu //afs/cern.ch/user/d/dsatco/herbvi6500/yoda_files/40TeV_iproc7099_mmht2014.yoda/MC_SUSY/mll-all-osof-emu //afs/cern.ch/user/d/dsatco/herbvi6500/yoda_files/40TeV_iproc7099_nnpdf30.yoda/MC_SUSY/mll-all-osof-emu
XLabel=$m_{e\mu}$
RatioPlotReference=//afs/cern.ch/user/d/dsatco/herbvi6500/yoda_files/40TeV_iproc7099_20t_ev.yoda/MC_SUSY/mll-all-osof-emu
YLabel=$\mathrm{d}N_\text{cand}/\mathrm{d}m_{e\mu}$
DrawOnly=//afs/cern.ch/user/d/dsatco/herbvi6500/yoda_files/40TeV_iproc7099_20t_ev.yoda/MC_SUSY/mll-all-osof-emu //afs/cern.ch/user/d/dsatco/herbvi6500/yoda_files/40TeV_iproc7099_ct14nlo.yoda/MC_SUSY/mll-all-osof-emu //afs/cern.ch/user/d/dsatco/herbvi6500/yoda_files/40TeV_iproc7099_mmht2014.yoda/MC_SUSY/mll-all-osof-emu //afs/cern.ch/user/d/dsatco/herbvi6500/yoda_files/40TeV_iproc7099_nnpdf30.yoda/MC_SUSY/mll-all-osof-emu
RatioPlot=1
Title=$m_{e\mu}$ distribution for combinatoric $e^\pm \mu^\mp$
Legend=1
LogY=0
# END PLOT

# BEGIN HISTO1D //afs/cern.ch/user/d/dsatco/herbvi6500/yoda_files/40TeV_iproc7099_20t_ev.yoda/MC_SUSY/mll-all-osof-emu
ErrorBars=1
LineColor=red
LineStyle=solid
Path=//afs/cern.ch/user/d/dsatco/herbvi6500/yoda_files/40TeV_iproc7099_20t_ev.yoda/MC_SUSY/mll-all-osof-emu
Title=mstw1998
XLabel=
YLabel=
# xlow	 xhigh	 val	 errminus	 errplus
0.000000e+00	1.000000e+01	1.136000e+02	3.370460e+00	3.370460e+00
1.000000e+01	2.000000e+01	1.801000e+02	4.243819e+00	4.243819e+00
2.000000e+01	3.000000e+01	2.809000e+02	5.300000e+00	5.300000e+00
3.000000e+01	4.000000e+01	3.594000e+02	5.994998e+00	5.994998e+00
4.000000e+01	5.000000e+01	4.753000e+02	6.894200e+00	6.894200e+00
5.000000e+01	6.000000e+01	5.620000e+02	7.496666e+00	7.496666e+00
6.000000e+01	7.000000e+01	6.066000e+02	7.788453e+00	7.788453e+00
7.000000e+01	8.000000e+01	6.342000e+02	7.963667e+00	7.963667e+00
8.000000e+01	9.000000e+01	6.566000e+02	8.103086e+00	8.103086e+00
9.000000e+01	1.000000e+02	6.332000e+02	7.957387e+00	7.957387e+00
1.000000e+02	1.100000e+02	6.554000e+02	8.095678e+00	8.095678e+00
1.100000e+02	1.200000e+02	6.372000e+02	7.982481e+00	7.982481e+00
1.200000e+02	1.300000e+02	6.063000e+02	7.786527e+00	7.786527e+00
1.300000e+02	1.400000e+02	6.015000e+02	7.755643e+00	7.755643e+00
1.400000e+02	1.500000e+02	5.771000e+02	7.596710e+00	7.596710e+00
1.500000e+02	1.600000e+02	5.572000e+02	7.464583e+00	7.464583e+00
1.600000e+02	1.700000e+02	5.395000e+02	7.345066e+00	7.345066e+00
1.700000e+02	1.800000e+02	5.132000e+02	7.163798e+00	7.163798e+00
1.800000e+02	1.900000e+02	4.952000e+02	7.037045e+00	7.037045e+00
1.900000e+02	2.000000e+02	4.600000e+02	6.782330e+00	6.782330e+00
2.000000e+02	2.100000e+02	4.380000e+02	6.618157e+00	6.618157e+00
2.100000e+02	2.200000e+02	4.282000e+02	6.543699e+00	6.543699e+00
2.200000e+02	2.300000e+02	4.146000e+02	6.438944e+00	6.438944e+00
2.300000e+02	2.400000e+02	3.824000e+02	6.183850e+00	6.183850e+00
2.400000e+02	2.500000e+02	3.587000e+02	5.989157e+00	5.989157e+00
2.500000e+02	2.600000e+02	3.487000e+02	5.905083e+00	5.905083e+00
2.600000e+02	2.700000e+02	3.201000e+02	5.657738e+00	5.657738e+00
2.700000e+02	2.800000e+02	3.195000e+02	5.652433e+00	5.652433e+00
2.800000e+02	2.900000e+02	3.005000e+02	5.481788e+00	5.481788e+00
2.900000e+02	3.000000e+02	2.892000e+02	5.377732e+00	5.377732e+00
3.000000e+02	3.100000e+02	2.785000e+02	5.277310e+00	5.277310e+00
3.100000e+02	3.200000e+02	2.529000e+02	5.028916e+00	5.028916e+00
3.200000e+02	3.300000e+02	2.462000e+02	4.961854e+00	4.961854e+00
3.300000e+02	3.400000e+02	2.296000e+02	4.791659e+00	4.791659e+00
3.400000e+02	3.500000e+02	2.146000e+02	4.632494e+00	4.632494e+00
3.500000e+02	3.600000e+02	2.146000e+02	4.632494e+00	4.632494e+00
3.600000e+02	3.700000e+02	2.117000e+02	4.601087e+00	4.601087e+00
3.700000e+02	3.800000e+02	1.886000e+02	4.342810e+00	4.342810e+00
3.800000e+02	3.900000e+02	1.769000e+02	4.205948e+00	4.205948e+00
3.900000e+02	4.000000e+02	1.725000e+02	4.153312e+00	4.153312e+00
4.000000e+02	4.100000e+02	1.654000e+02	4.066940e+00	4.066940e+00
4.100000e+02	4.200000e+02	1.530000e+02	3.911521e+00	3.911521e+00
4.200000e+02	4.300000e+02	1.587000e+02	3.983717e+00	3.983717e+00
4.300000e+02	4.400000e+02	1.473000e+02	3.837968e+00	3.837968e+00
4.400000e+02	4.500000e+02	1.331000e+02	3.648287e+00	3.648287e+00
4.500000e+02	4.600000e+02	1.299000e+02	3.604164e+00	3.604164e+00
4.600000e+02	4.700000e+02	1.263000e+02	3.553871e+00	3.553871e+00
4.700000e+02	4.800000e+02	1.203000e+02	3.468429e+00	3.468429e+00
4.800000e+02	4.900000e+02	1.181000e+02	3.436568e+00	3.436568e+00
4.900000e+02	5.000000e+02	1.049000e+02	3.238827e+00	3.238827e+00
# END HISTO1D

# BEGIN HISTO1D //afs/cern.ch/user/d/dsatco/herbvi6500/yoda_files/40TeV_iproc7099_ct14nlo.yoda/MC_SUSY/mll-all-osof-emu
ErrorBars=1
LineColor=blue
LineStyle=solid
Path=//afs/cern.ch/user/d/dsatco/herbvi6500/yoda_files/40TeV_iproc7099_ct14nlo.yoda/MC_SUSY/mll-all-osof-emu
Title=ct14nlo
XLabel=
YLabel=
# xlow	 xhigh	 val	 errminus	 errplus
0.000000e+00	1.000000e+01	1.193000e+02	3.453983e+00	3.453983e+00
1.000000e+01	2.000000e+01	1.796000e+02	4.237924e+00	4.237924e+00
2.000000e+01	3.000000e+01	2.673000e+02	5.170106e+00	5.170106e+00
3.000000e+01	4.000000e+01	3.595000e+02	5.995832e+00	5.995832e+00
4.000000e+01	5.000000e+01	4.597000e+02	6.780118e+00	6.780118e+00
5.000000e+01	6.000000e+01	5.441000e+02	7.376313e+00	7.376313e+00
6.000000e+01	7.000000e+01	6.042000e+02	7.773030e+00	7.773030e+00
7.000000e+01	8.000000e+01	6.383000e+02	7.989368e+00	7.989368e+00
8.000000e+01	9.000000e+01	6.411000e+02	8.006872e+00	8.006872e+00
9.000000e+01	1.000000e+02	6.434000e+02	8.021222e+00	8.021222e+00
1.000000e+02	1.100000e+02	6.236000e+02	7.896835e+00	7.896835e+00
1.100000e+02	1.200000e+02	6.222000e+02	7.887966e+00	7.887966e+00
1.200000e+02	1.300000e+02	6.010000e+02	7.752419e+00	7.752419e+00
1.300000e+02	1.400000e+02	5.912000e+02	7.688953e+00	7.688953e+00
1.400000e+02	1.500000e+02	5.663000e+02	7.525291e+00	7.525291e+00
1.500000e+02	1.600000e+02	5.701000e+02	7.550497e+00	7.550497e+00
1.600000e+02	1.700000e+02	5.449000e+02	7.381734e+00	7.381734e+00
1.700000e+02	1.800000e+02	5.199000e+02	7.210409e+00	7.210409e+00
1.800000e+02	1.900000e+02	4.957000e+02	7.040597e+00	7.040597e+00
1.900000e+02	2.000000e+02	4.644000e+02	6.814690e+00	6.814690e+00
2.000000e+02	2.100000e+02	4.553000e+02	6.747592e+00	6.747592e+00
2.100000e+02	2.200000e+02	4.174000e+02	6.460650e+00	6.460650e+00
2.200000e+02	2.300000e+02	4.113000e+02	6.413267e+00	6.413267e+00
2.300000e+02	2.400000e+02	3.859000e+02	6.212085e+00	6.212085e+00
2.400000e+02	2.500000e+02	3.608000e+02	6.006663e+00	6.006663e+00
2.500000e+02	2.600000e+02	3.416000e+02	5.844656e+00	5.844656e+00
2.600000e+02	2.700000e+02	3.179000e+02	5.638262e+00	5.638262e+00
2.700000e+02	2.800000e+02	3.062000e+02	5.533534e+00	5.533534e+00
2.800000e+02	2.900000e+02	2.996000e+02	5.473573e+00	5.473573e+00
2.900000e+02	3.000000e+02	2.800000e+02	5.291503e+00	5.291503e+00
3.000000e+02	3.100000e+02	2.641000e+02	5.139066e+00	5.139066e+00
3.100000e+02	3.200000e+02	2.610000e+02	5.108816e+00	5.108816e+00
3.200000e+02	3.300000e+02	2.420000e+02	4.919350e+00	4.919350e+00
3.300000e+02	3.400000e+02	2.394000e+02	4.892852e+00	4.892852e+00
3.400000e+02	3.500000e+02	2.172000e+02	4.660472e+00	4.660472e+00
3.500000e+02	3.600000e+02	2.054000e+02	4.532108e+00	4.532108e+00
3.600000e+02	3.700000e+02	2.010000e+02	4.483302e+00	4.483302e+00
3.700000e+02	3.800000e+02	1.894000e+02	4.352011e+00	4.352011e+00
3.800000e+02	3.900000e+02	1.827000e+02	4.274342e+00	4.274342e+00
3.900000e+02	4.000000e+02	1.679000e+02	4.097560e+00	4.097560e+00
4.000000e+02	4.100000e+02	1.596000e+02	3.994997e+00	3.994997e+00
4.100000e+02	4.200000e+02	1.537000e+02	3.920459e+00	3.920459e+00
4.200000e+02	4.300000e+02	1.510000e+02	3.885872e+00	3.885872e+00
4.300000e+02	4.400000e+02	1.420000e+02	3.768289e+00	3.768289e+00
4.400000e+02	4.500000e+02	1.353000e+02	3.678315e+00	3.678315e+00
4.500000e+02	4.600000e+02	1.340000e+02	3.660601e+00	3.660601e+00
4.600000e+02	4.700000e+02	1.239000e+02	3.519943e+00	3.519943e+00
4.700000e+02	4.800000e+02	1.196000e+02	3.458323e+00	3.458323e+00
4.800000e+02	4.900000e+02	1.150000e+02	3.391165e+00	3.391165e+00
4.900000e+02	5.000000e+02	1.100000e+02	3.316625e+00	3.316625e+00
# END HISTO1D

# BEGIN HISTO1D //afs/cern.ch/user/d/dsatco/herbvi6500/yoda_files/40TeV_iproc7099_mmht2014.yoda/MC_SUSY/mll-all-osof-emu
ErrorBars=1
LineColor=green
LineStyle=solid
Path=//afs/cern.ch/user/d/dsatco/herbvi6500/yoda_files/40TeV_iproc7099_mmht2014.yoda/MC_SUSY/mll-all-osof-emu
Title=mmht2014
XLabel=
YLabel=
# xlow	 xhigh	 val	 errminus	 errplus
0.000000e+00	1.000000e+01	1.099000e+02	3.315117e+00	3.315117e+00
1.000000e+01	2.000000e+01	1.743000e+02	4.174925e+00	4.174925e+00
2.000000e+01	3.000000e+01	2.706000e+02	5.201923e+00	5.201923e+00
3.000000e+01	4.000000e+01	3.646000e+02	6.038212e+00	6.038212e+00
4.000000e+01	5.000000e+01	4.490000e+02	6.700746e+00	6.700746e+00
5.000000e+01	6.000000e+01	5.438000e+02	7.374280e+00	7.374280e+00
6.000000e+01	7.000000e+01	6.084000e+02	7.800000e+00	7.800000e+00
7.000000e+01	8.000000e+01	6.206000e+02	7.877817e+00	7.877817e+00
8.000000e+01	9.000000e+01	6.333000e+02	7.958015e+00	7.958015e+00
9.000000e+01	1.000000e+02	6.449000e+02	8.030567e+00	8.030567e+00
1.000000e+02	1.100000e+02	6.280000e+02	7.924645e+00	7.924645e+00
1.100000e+02	1.200000e+02	6.191000e+02	7.868291e+00	7.868291e+00
1.200000e+02	1.300000e+02	6.214000e+02	7.882893e+00	7.882893e+00
1.300000e+02	1.400000e+02	5.892000e+02	7.675936e+00	7.675936e+00
1.400000e+02	1.500000e+02	5.743000e+02	7.578258e+00	7.578258e+00
1.500000e+02	1.600000e+02	5.500000e+02	7.416198e+00	7.416198e+00
1.600000e+02	1.700000e+02	5.390000e+02	7.341662e+00	7.341662e+00
1.700000e+02	1.800000e+02	5.117000e+02	7.153321e+00	7.153321e+00
1.800000e+02	1.900000e+02	4.857000e+02	6.969218e+00	6.969218e+00
1.900000e+02	2.000000e+02	4.648000e+02	6.817624e+00	6.817624e+00
2.000000e+02	2.100000e+02	4.425000e+02	6.652067e+00	6.652067e+00
2.100000e+02	2.200000e+02	4.185000e+02	6.469158e+00	6.469158e+00
2.200000e+02	2.300000e+02	4.076000e+02	6.384356e+00	6.384356e+00
2.300000e+02	2.400000e+02	3.637000e+02	6.030755e+00	6.030755e+00
2.400000e+02	2.500000e+02	3.673000e+02	6.060528e+00	6.060528e+00
2.500000e+02	2.600000e+02	3.421000e+02	5.848932e+00	5.848932e+00
2.600000e+02	2.700000e+02	3.268000e+02	5.716642e+00	5.716642e+00
2.700000e+02	2.800000e+02	3.038000e+02	5.511806e+00	5.511806e+00
2.800000e+02	2.900000e+02	2.900000e+02	5.385165e+00	5.385165e+00
2.900000e+02	3.000000e+02	2.790000e+02	5.282045e+00	5.282045e+00
3.000000e+02	3.100000e+02	2.589000e+02	5.088222e+00	5.088222e+00
3.100000e+02	3.200000e+02	2.536000e+02	5.035871e+00	5.035871e+00
3.200000e+02	3.300000e+02	2.393000e+02	4.891830e+00	4.891830e+00
3.300000e+02	3.400000e+02	2.302000e+02	4.797916e+00	4.797916e+00
3.400000e+02	3.500000e+02	2.152000e+02	4.638965e+00	4.638965e+00
3.500000e+02	3.600000e+02	2.044000e+02	4.521062e+00	4.521062e+00
3.600000e+02	3.700000e+02	1.932000e+02	4.395452e+00	4.395452e+00
3.700000e+02	3.800000e+02	1.898000e+02	4.356604e+00	4.356604e+00
3.800000e+02	3.900000e+02	1.840000e+02	4.289522e+00	4.289522e+00
3.900000e+02	4.000000e+02	1.735000e+02	4.165333e+00	4.165333e+00
4.000000e+02	4.100000e+02	1.624000e+02	4.029888e+00	4.029888e+00
4.100000e+02	4.200000e+02	1.489000e+02	3.858756e+00	3.858756e+00
4.200000e+02	4.300000e+02	1.491000e+02	3.861347e+00	3.861347e+00
4.300000e+02	4.400000e+02	1.412000e+02	3.757659e+00	3.757659e+00
4.400000e+02	4.500000e+02	1.329000e+02	3.645545e+00	3.645545e+00
4.500000e+02	4.600000e+02	1.284000e+02	3.583295e+00	3.583295e+00
4.600000e+02	4.700000e+02	1.224000e+02	3.498571e+00	3.498571e+00
4.700000e+02	4.800000e+02	1.138000e+02	3.373426e+00	3.373426e+00
4.800000e+02	4.900000e+02	1.098000e+02	3.313608e+00	3.313608e+00
4.900000e+02	5.000000e+02	1.044000e+02	3.231099e+00	3.231099e+00
# END HISTO1D

# BEGIN HISTO1D //afs/cern.ch/user/d/dsatco/herbvi6500/yoda_files/40TeV_iproc7099_nnpdf30.yoda/MC_SUSY/mll-all-osof-emu
ErrorBars=1
LineColor=orange
LineStyle=solid
Path=//afs/cern.ch/user/d/dsatco/herbvi6500/yoda_files/40TeV_iproc7099_nnpdf30.yoda/MC_SUSY/mll-all-osof-emu
Title=nnpdf30
XLabel=
YLabel=
# xlow	 xhigh	 val	 errminus	 errplus
0.000000e+00	1.000000e+01	1.149000e+02	3.389690e+00	3.389690e+00
1.000000e+01	2.000000e+01	1.833000e+02	4.281355e+00	4.281355e+00
2.000000e+01	3.000000e+01	2.785000e+02	5.277310e+00	5.277310e+00
3.000000e+01	4.000000e+01	3.745000e+02	6.119641e+00	6.119641e+00
4.000000e+01	5.000000e+01	4.524000e+02	6.726069e+00	6.726069e+00
5.000000e+01	6.000000e+01	5.542000e+02	7.444461e+00	7.444461e+00
6.000000e+01	7.000000e+01	6.005000e+02	7.749194e+00	7.749194e+00
7.000000e+01	8.000000e+01	6.267000e+02	7.916439e+00	7.916439e+00
8.000000e+01	9.000000e+01	6.213000e+02	7.882259e+00	7.882259e+00
9.000000e+01	1.000000e+02	6.421000e+02	8.013114e+00	8.013114e+00
1.000000e+02	1.100000e+02	6.428000e+02	8.017481e+00	8.017481e+00
1.100000e+02	1.200000e+02	6.141000e+02	7.836453e+00	7.836453e+00
1.200000e+02	1.300000e+02	6.209000e+02	7.879721e+00	7.879721e+00
1.300000e+02	1.400000e+02	5.837000e+02	7.640026e+00	7.640026e+00
1.400000e+02	1.500000e+02	5.782000e+02	7.603946e+00	7.603946e+00
1.500000e+02	1.600000e+02	5.471000e+02	7.396621e+00	7.396621e+00
1.600000e+02	1.700000e+02	5.395000e+02	7.345066e+00	7.345066e+00
1.700000e+02	1.800000e+02	5.256000e+02	7.249828e+00	7.249828e+00
1.800000e+02	1.900000e+02	4.861000e+02	6.972087e+00	6.972087e+00
1.900000e+02	2.000000e+02	4.585000e+02	6.771263e+00	6.771263e+00
2.000000e+02	2.100000e+02	4.465000e+02	6.682066e+00	6.682066e+00
2.100000e+02	2.200000e+02	4.282000e+02	6.543699e+00	6.543699e+00
2.200000e+02	2.300000e+02	4.039000e+02	6.355313e+00	6.355313e+00
2.300000e+02	2.400000e+02	3.822000e+02	6.182233e+00	6.182233e+00
2.400000e+02	2.500000e+02	3.596000e+02	5.996666e+00	5.996666e+00
2.500000e+02	2.600000e+02	3.427000e+02	5.854058e+00	5.854058e+00
2.600000e+02	2.700000e+02	3.235000e+02	5.687706e+00	5.687706e+00
2.700000e+02	2.800000e+02	3.073000e+02	5.543465e+00	5.543465e+00
2.800000e+02	2.900000e+02	2.901000e+02	5.386093e+00	5.386093e+00
2.900000e+02	3.000000e+02	2.677000e+02	5.173973e+00	5.173973e+00
3.000000e+02	3.100000e+02	2.710000e+02	5.205766e+00	5.205766e+00
3.100000e+02	3.200000e+02	2.493000e+02	4.992995e+00	4.992995e+00
3.200000e+02	3.300000e+02	2.394000e+02	4.892852e+00	4.892852e+00
3.300000e+02	3.400000e+02	2.362000e+02	4.860041e+00	4.860041e+00
3.400000e+02	3.500000e+02	2.161000e+02	4.648656e+00	4.648656e+00
3.500000e+02	3.600000e+02	2.037000e+02	4.513314e+00	4.513314e+00
3.600000e+02	3.700000e+02	2.007000e+02	4.479955e+00	4.479955e+00
3.700000e+02	3.800000e+02	1.913000e+02	4.373786e+00	4.373786e+00
3.800000e+02	3.900000e+02	1.800000e+02	4.242641e+00	4.242641e+00
3.900000e+02	4.000000e+02	1.674000e+02	4.091455e+00	4.091455e+00
4.000000e+02	4.100000e+02	1.629000e+02	4.036087e+00	4.036087e+00
4.100000e+02	4.200000e+02	1.618000e+02	4.022437e+00	4.022437e+00
4.200000e+02	4.300000e+02	1.459000e+02	3.819686e+00	3.819686e+00
4.300000e+02	4.400000e+02	1.413000e+02	3.758989e+00	3.758989e+00
4.400000e+02	4.500000e+02	1.297000e+02	3.601389e+00	3.601389e+00
4.500000e+02	4.600000e+02	1.235000e+02	3.514257e+00	3.514257e+00
4.600000e+02	4.700000e+02	1.250000e+02	3.535534e+00	3.535534e+00
4.700000e+02	4.800000e+02	1.202000e+02	3.466987e+00	3.466987e+00
4.800000e+02	4.900000e+02	1.135000e+02	3.368976e+00	3.368976e+00
4.900000e+02	5.000000e+02	1.051000e+02	3.241913e+00	3.241913e+00
# END HISTO1D

