# BEGIN PLOT
RatioPlotYLabel=Ratio
LegendOnly=//afs/cern.ch/user/d/dsatco/herbvi6500/yoda_files/40TeV_iproc7099_20t_ev.yoda/MC_SUSY/mll-osof-emu //afs/cern.ch/user/d/dsatco/herbvi6500/yoda_files/40TeV_iproc7099_ct14nlo.yoda/MC_SUSY/mll-osof-emu //afs/cern.ch/user/d/dsatco/herbvi6500/yoda_files/40TeV_iproc7099_mmht2014.yoda/MC_SUSY/mll-osof-emu //afs/cern.ch/user/d/dsatco/herbvi6500/yoda_files/40TeV_iproc7099_nnpdf30.yoda/MC_SUSY/mll-osof-emu
XLabel=$m_{e\mu}$
RatioPlotReference=//afs/cern.ch/user/d/dsatco/herbvi6500/yoda_files/40TeV_iproc7099_20t_ev.yoda/MC_SUSY/mll-osof-emu
YLabel=$\mathrm{d}N_\text{evt}/\mathrm{d}m_{e\mu}$
DrawOnly=//afs/cern.ch/user/d/dsatco/herbvi6500/yoda_files/40TeV_iproc7099_20t_ev.yoda/MC_SUSY/mll-osof-emu //afs/cern.ch/user/d/dsatco/herbvi6500/yoda_files/40TeV_iproc7099_ct14nlo.yoda/MC_SUSY/mll-osof-emu //afs/cern.ch/user/d/dsatco/herbvi6500/yoda_files/40TeV_iproc7099_mmht2014.yoda/MC_SUSY/mll-osof-emu //afs/cern.ch/user/d/dsatco/herbvi6500/yoda_files/40TeV_iproc7099_nnpdf30.yoda/MC_SUSY/mll-osof-emu
RatioPlot=1
Title=$m_{e\mu}$ distribution for leading $e^\pm \mu^\mp$
Legend=1
LogY=0
# END PLOT

# BEGIN HISTO1D //afs/cern.ch/user/d/dsatco/herbvi6500/yoda_files/40TeV_iproc7099_20t_ev.yoda/MC_SUSY/mll-osof-emu
ErrorBars=1
LineColor=red
LineStyle=solid
Path=//afs/cern.ch/user/d/dsatco/herbvi6500/yoda_files/40TeV_iproc7099_20t_ev.yoda/MC_SUSY/mll-osof-emu
Title=mstw1998
XLabel=
YLabel=
# xlow	 xhigh	 val	 errminus	 errplus
0.000000e+00	1.000000e+01	5.600000e+00	7.483315e-01	7.483315e-01
1.000000e+01	2.000000e+01	8.500000e+00	9.219544e-01	9.219544e-01
2.000000e+01	3.000000e+01	1.480000e+01	1.216553e+00	1.216553e+00
3.000000e+01	4.000000e+01	1.780000e+01	1.334166e+00	1.334166e+00
4.000000e+01	5.000000e+01	2.650000e+01	1.627882e+00	1.627882e+00
5.000000e+01	6.000000e+01	2.650000e+01	1.627882e+00	1.627882e+00
6.000000e+01	7.000000e+01	3.170000e+01	1.780449e+00	1.780449e+00
7.000000e+01	8.000000e+01	3.580000e+01	1.892089e+00	1.892089e+00
8.000000e+01	9.000000e+01	3.920000e+01	1.979899e+00	1.979899e+00
9.000000e+01	1.000000e+02	4.010000e+01	2.002498e+00	2.002498e+00
1.000000e+02	1.100000e+02	4.710000e+01	2.170253e+00	2.170253e+00
1.100000e+02	1.200000e+02	4.770000e+01	2.184033e+00	2.184033e+00
1.200000e+02	1.300000e+02	4.800000e+01	2.190890e+00	2.190890e+00
1.300000e+02	1.400000e+02	5.030000e+01	2.242766e+00	2.242766e+00
1.400000e+02	1.500000e+02	5.190000e+01	2.278157e+00	2.278157e+00
1.500000e+02	1.600000e+02	5.660000e+01	2.379075e+00	2.379075e+00
1.600000e+02	1.700000e+02	5.870000e+01	2.422808e+00	2.422808e+00
1.700000e+02	1.800000e+02	5.770000e+01	2.402082e+00	2.402082e+00
1.800000e+02	1.900000e+02	5.600000e+01	2.366432e+00	2.366432e+00
1.900000e+02	2.000000e+02	5.420000e+01	2.328089e+00	2.328089e+00
2.000000e+02	2.100000e+02	5.800000e+01	2.408319e+00	2.408319e+00
2.100000e+02	2.200000e+02	5.890000e+01	2.426932e+00	2.426932e+00
2.200000e+02	2.300000e+02	5.210000e+01	2.282542e+00	2.282542e+00
2.300000e+02	2.400000e+02	5.340000e+01	2.310844e+00	2.310844e+00
2.400000e+02	2.500000e+02	5.510000e+01	2.347339e+00	2.347339e+00
2.500000e+02	2.600000e+02	5.210000e+01	2.282542e+00	2.282542e+00
2.600000e+02	2.700000e+02	5.540000e+01	2.353720e+00	2.353720e+00
2.700000e+02	2.800000e+02	5.330000e+01	2.308679e+00	2.308679e+00
2.800000e+02	2.900000e+02	5.530000e+01	2.351595e+00	2.351595e+00
2.900000e+02	3.000000e+02	5.230000e+01	2.286919e+00	2.286919e+00
3.000000e+02	3.100000e+02	5.070000e+01	2.251666e+00	2.251666e+00
3.100000e+02	3.200000e+02	4.850000e+01	2.202272e+00	2.202272e+00
3.200000e+02	3.300000e+02	4.630000e+01	2.151743e+00	2.151743e+00
3.300000e+02	3.400000e+02	4.900000e+01	2.213594e+00	2.213594e+00
3.400000e+02	3.500000e+02	4.260000e+01	2.063977e+00	2.063977e+00
3.500000e+02	3.600000e+02	4.690000e+01	2.165641e+00	2.165641e+00
3.600000e+02	3.700000e+02	5.050000e+01	2.247221e+00	2.247221e+00
3.700000e+02	3.800000e+02	4.520000e+01	2.126029e+00	2.126029e+00
3.800000e+02	3.900000e+02	4.270000e+01	2.066398e+00	2.066398e+00
3.900000e+02	4.000000e+02	4.270000e+01	2.066398e+00	2.066398e+00
4.000000e+02	4.100000e+02	4.400000e+01	2.097618e+00	2.097618e+00
4.100000e+02	4.200000e+02	3.820000e+01	1.954482e+00	1.954482e+00
4.200000e+02	4.300000e+02	4.490000e+01	2.118962e+00	2.118962e+00
4.300000e+02	4.400000e+02	4.210000e+01	2.051828e+00	2.051828e+00
4.400000e+02	4.500000e+02	3.750000e+01	1.936492e+00	1.936492e+00
4.500000e+02	4.600000e+02	3.630000e+01	1.905256e+00	1.905256e+00
4.600000e+02	4.700000e+02	3.790000e+01	1.946792e+00	1.946792e+00
4.700000e+02	4.800000e+02	3.480000e+01	1.865476e+00	1.865476e+00
4.800000e+02	4.900000e+02	3.690000e+01	1.920937e+00	1.920937e+00
4.900000e+02	5.000000e+02	3.460000e+01	1.860108e+00	1.860108e+00
# END HISTO1D

# BEGIN HISTO1D //afs/cern.ch/user/d/dsatco/herbvi6500/yoda_files/40TeV_iproc7099_ct14nlo.yoda/MC_SUSY/mll-osof-emu
ErrorBars=1
LineColor=blue
LineStyle=solid
Path=//afs/cern.ch/user/d/dsatco/herbvi6500/yoda_files/40TeV_iproc7099_ct14nlo.yoda/MC_SUSY/mll-osof-emu
Title=ct14nlo
XLabel=
YLabel=
# xlow	 xhigh	 val	 errminus	 errplus
0.000000e+00	1.000000e+01	4.800000e+00	6.928203e-01	6.928203e-01
1.000000e+01	2.000000e+01	8.800000e+00	9.380832e-01	9.380832e-01
2.000000e+01	3.000000e+01	1.280000e+01	1.131371e+00	1.131371e+00
3.000000e+01	4.000000e+01	1.830000e+01	1.352775e+00	1.352775e+00
4.000000e+01	5.000000e+01	2.440000e+01	1.562050e+00	1.562050e+00
5.000000e+01	6.000000e+01	2.760000e+01	1.661325e+00	1.661325e+00
6.000000e+01	7.000000e+01	3.660000e+01	1.913113e+00	1.913113e+00
7.000000e+01	8.000000e+01	3.280000e+01	1.811077e+00	1.811077e+00
8.000000e+01	9.000000e+01	4.040000e+01	2.009975e+00	2.009975e+00
9.000000e+01	1.000000e+02	4.220000e+01	2.054264e+00	2.054264e+00
1.000000e+02	1.100000e+02	4.260000e+01	2.063977e+00	2.063977e+00
1.100000e+02	1.200000e+02	4.390000e+01	2.095233e+00	2.095233e+00
1.200000e+02	1.300000e+02	5.260000e+01	2.293469e+00	2.293469e+00
1.300000e+02	1.400000e+02	5.270000e+01	2.295648e+00	2.295648e+00
1.400000e+02	1.500000e+02	5.300000e+01	2.302173e+00	2.302173e+00
1.500000e+02	1.600000e+02	5.350000e+01	2.313007e+00	2.313007e+00
1.600000e+02	1.700000e+02	5.850000e+01	2.418677e+00	2.418677e+00
1.700000e+02	1.800000e+02	5.640000e+01	2.374868e+00	2.374868e+00
1.800000e+02	1.900000e+02	5.710000e+01	2.389561e+00	2.389561e+00
1.900000e+02	2.000000e+02	5.810000e+01	2.410394e+00	2.410394e+00
2.000000e+02	2.100000e+02	5.700000e+01	2.387467e+00	2.387467e+00
2.100000e+02	2.200000e+02	5.430000e+01	2.330236e+00	2.330236e+00
2.200000e+02	2.300000e+02	5.860000e+01	2.420744e+00	2.420744e+00
2.300000e+02	2.400000e+02	5.380000e+01	2.319483e+00	2.319483e+00
2.400000e+02	2.500000e+02	5.450000e+01	2.334524e+00	2.334524e+00
2.500000e+02	2.600000e+02	5.120000e+01	2.262742e+00	2.262742e+00
2.600000e+02	2.700000e+02	5.330000e+01	2.308679e+00	2.308679e+00
2.700000e+02	2.800000e+02	5.050000e+01	2.247221e+00	2.247221e+00
2.800000e+02	2.900000e+02	5.380000e+01	2.319483e+00	2.319483e+00
2.900000e+02	3.000000e+02	4.840000e+01	2.200000e+00	2.200000e+00
3.000000e+02	3.100000e+02	5.000000e+01	2.236068e+00	2.236068e+00
3.100000e+02	3.200000e+02	5.120000e+01	2.262742e+00	2.262742e+00
3.200000e+02	3.300000e+02	5.060000e+01	2.249444e+00	2.249444e+00
3.300000e+02	3.400000e+02	4.750000e+01	2.179449e+00	2.179449e+00
3.400000e+02	3.500000e+02	4.930000e+01	2.220360e+00	2.220360e+00
3.500000e+02	3.600000e+02	4.170000e+01	2.042058e+00	2.042058e+00
3.600000e+02	3.700000e+02	4.860000e+01	2.204541e+00	2.204541e+00
3.700000e+02	3.800000e+02	4.440000e+01	2.107131e+00	2.107131e+00
3.800000e+02	3.900000e+02	4.440000e+01	2.107131e+00	2.107131e+00
3.900000e+02	4.000000e+02	4.220000e+01	2.054264e+00	2.054264e+00
4.000000e+02	4.100000e+02	3.900000e+01	1.974842e+00	1.974842e+00
4.100000e+02	4.200000e+02	4.310000e+01	2.076054e+00	2.076054e+00
4.200000e+02	4.300000e+02	4.100000e+01	2.024846e+00	2.024846e+00
4.300000e+02	4.400000e+02	3.930000e+01	1.982423e+00	1.982423e+00
4.400000e+02	4.500000e+02	4.000000e+01	2.000000e+00	2.000000e+00
4.500000e+02	4.600000e+02	4.220000e+01	2.054264e+00	2.054264e+00
4.600000e+02	4.700000e+02	3.530000e+01	1.878829e+00	1.878829e+00
4.700000e+02	4.800000e+02	3.600000e+01	1.897367e+00	1.897367e+00
4.800000e+02	4.900000e+02	3.370000e+01	1.835756e+00	1.835756e+00
4.900000e+02	5.000000e+02	3.320000e+01	1.822087e+00	1.822087e+00
# END HISTO1D

# BEGIN HISTO1D //afs/cern.ch/user/d/dsatco/herbvi6500/yoda_files/40TeV_iproc7099_mmht2014.yoda/MC_SUSY/mll-osof-emu
ErrorBars=1
LineColor=green
LineStyle=solid
Path=//afs/cern.ch/user/d/dsatco/herbvi6500/yoda_files/40TeV_iproc7099_mmht2014.yoda/MC_SUSY/mll-osof-emu
Title=mmht2014
XLabel=
YLabel=
# xlow	 xhigh	 val	 errminus	 errplus
0.000000e+00	1.000000e+01	4.100000e+00	6.403124e-01	6.403124e-01
1.000000e+01	2.000000e+01	7.800000e+00	8.831761e-01	8.831761e-01
2.000000e+01	3.000000e+01	1.480000e+01	1.216553e+00	1.216553e+00
3.000000e+01	4.000000e+01	1.860000e+01	1.363818e+00	1.363818e+00
4.000000e+01	5.000000e+01	2.710000e+01	1.646208e+00	1.646208e+00
5.000000e+01	6.000000e+01	2.720000e+01	1.649242e+00	1.649242e+00
6.000000e+01	7.000000e+01	3.330000e+01	1.824829e+00	1.824829e+00
7.000000e+01	8.000000e+01	3.370000e+01	1.835756e+00	1.835756e+00
8.000000e+01	9.000000e+01	4.040000e+01	2.009975e+00	2.009975e+00
9.000000e+01	1.000000e+02	4.230000e+01	2.056696e+00	2.056696e+00
1.000000e+02	1.100000e+02	4.430000e+01	2.104757e+00	2.104757e+00
1.100000e+02	1.200000e+02	4.480000e+01	2.116601e+00	2.116601e+00
1.200000e+02	1.300000e+02	4.850000e+01	2.202272e+00	2.202272e+00
1.300000e+02	1.400000e+02	5.170000e+01	2.273763e+00	2.273763e+00
1.400000e+02	1.500000e+02	5.090000e+01	2.256103e+00	2.256103e+00
1.500000e+02	1.600000e+02	5.270000e+01	2.295648e+00	2.295648e+00
1.600000e+02	1.700000e+02	5.910000e+01	2.431049e+00	2.431049e+00
1.700000e+02	1.800000e+02	5.520000e+01	2.349468e+00	2.349468e+00
1.800000e+02	1.900000e+02	6.020000e+01	2.453569e+00	2.453569e+00
1.900000e+02	2.000000e+02	5.890000e+01	2.426932e+00	2.426932e+00
2.000000e+02	2.100000e+02	5.700000e+01	2.387467e+00	2.387467e+00
2.100000e+02	2.200000e+02	5.920000e+01	2.433105e+00	2.433105e+00
2.200000e+02	2.300000e+02	5.920000e+01	2.433105e+00	2.433105e+00
2.300000e+02	2.400000e+02	5.270000e+01	2.295648e+00	2.295648e+00
2.400000e+02	2.500000e+02	5.520000e+01	2.349468e+00	2.349468e+00
2.500000e+02	2.600000e+02	5.830000e+01	2.414539e+00	2.414539e+00
2.600000e+02	2.700000e+02	5.580000e+01	2.362202e+00	2.362202e+00
2.700000e+02	2.800000e+02	4.910000e+01	2.215852e+00	2.215852e+00
2.800000e+02	2.900000e+02	5.450000e+01	2.334524e+00	2.334524e+00
2.900000e+02	3.000000e+02	4.920000e+01	2.218107e+00	2.218107e+00
3.000000e+02	3.100000e+02	5.180000e+01	2.275961e+00	2.275961e+00
3.100000e+02	3.200000e+02	5.200000e+01	2.280351e+00	2.280351e+00
3.200000e+02	3.300000e+02	5.110000e+01	2.260531e+00	2.260531e+00
3.300000e+02	3.400000e+02	4.530000e+01	2.128380e+00	2.128380e+00
3.400000e+02	3.500000e+02	4.870000e+01	2.206808e+00	2.206808e+00
3.500000e+02	3.600000e+02	4.680000e+01	2.163331e+00	2.163331e+00
3.600000e+02	3.700000e+02	4.820000e+01	2.195450e+00	2.195450e+00
3.700000e+02	3.800000e+02	4.820000e+01	2.195450e+00	2.195450e+00
3.800000e+02	3.900000e+02	4.390000e+01	2.095233e+00	2.095233e+00
3.900000e+02	4.000000e+02	4.390000e+01	2.095233e+00	2.095233e+00
4.000000e+02	4.100000e+02	3.980000e+01	1.994994e+00	1.994994e+00
4.100000e+02	4.200000e+02	3.860000e+01	1.964688e+00	1.964688e+00
4.200000e+02	4.300000e+02	4.110000e+01	2.027313e+00	2.027313e+00
4.300000e+02	4.400000e+02	3.830000e+01	1.957039e+00	1.957039e+00
4.400000e+02	4.500000e+02	4.100000e+01	2.024846e+00	2.024846e+00
4.500000e+02	4.600000e+02	3.760000e+01	1.939072e+00	1.939072e+00
4.600000e+02	4.700000e+02	3.970000e+01	1.992486e+00	1.992486e+00
4.700000e+02	4.800000e+02	3.330000e+01	1.824829e+00	1.824829e+00
4.800000e+02	4.900000e+02	3.600000e+01	1.897367e+00	1.897367e+00
4.900000e+02	5.000000e+02	3.120000e+01	1.766352e+00	1.766352e+00
# END HISTO1D

# BEGIN HISTO1D //afs/cern.ch/user/d/dsatco/herbvi6500/yoda_files/40TeV_iproc7099_nnpdf30.yoda/MC_SUSY/mll-osof-emu
ErrorBars=1
LineColor=orange
LineStyle=solid
Path=//afs/cern.ch/user/d/dsatco/herbvi6500/yoda_files/40TeV_iproc7099_nnpdf30.yoda/MC_SUSY/mll-osof-emu
Title=nnpdf30
XLabel=
YLabel=
# xlow	 xhigh	 val	 errminus	 errplus
0.000000e+00	1.000000e+01	4.400000e+00	6.633250e-01	6.633250e-01
1.000000e+01	2.000000e+01	9.100000e+00	9.539392e-01	9.539392e-01
2.000000e+01	3.000000e+01	1.430000e+01	1.195826e+00	1.195826e+00
3.000000e+01	4.000000e+01	1.870000e+01	1.367479e+00	1.367479e+00
4.000000e+01	5.000000e+01	2.250000e+01	1.500000e+00	1.500000e+00
5.000000e+01	6.000000e+01	2.870000e+01	1.694107e+00	1.694107e+00
6.000000e+01	7.000000e+01	3.260000e+01	1.805547e+00	1.805547e+00
7.000000e+01	8.000000e+01	4.010000e+01	2.002498e+00	2.002498e+00
8.000000e+01	9.000000e+01	3.730000e+01	1.931321e+00	1.931321e+00
9.000000e+01	1.000000e+02	3.990000e+01	1.997498e+00	1.997498e+00
1.000000e+02	1.100000e+02	4.740000e+01	2.177154e+00	2.177154e+00
1.100000e+02	1.200000e+02	4.490000e+01	2.118962e+00	2.118962e+00
1.200000e+02	1.300000e+02	5.150000e+01	2.269361e+00	2.269361e+00
1.300000e+02	1.400000e+02	4.740000e+01	2.177154e+00	2.177154e+00
1.400000e+02	1.500000e+02	5.530000e+01	2.351595e+00	2.351595e+00
1.500000e+02	1.600000e+02	5.140000e+01	2.267157e+00	2.267157e+00
1.600000e+02	1.700000e+02	5.720000e+01	2.391652e+00	2.391652e+00
1.700000e+02	1.800000e+02	5.810000e+01	2.410394e+00	2.410394e+00
1.800000e+02	1.900000e+02	6.010000e+01	2.451530e+00	2.451530e+00
1.900000e+02	2.000000e+02	5.830000e+01	2.414539e+00	2.414539e+00
2.000000e+02	2.100000e+02	5.750000e+01	2.397916e+00	2.397916e+00
2.100000e+02	2.200000e+02	5.590000e+01	2.364318e+00	2.364318e+00
2.200000e+02	2.300000e+02	5.450000e+01	2.334524e+00	2.334524e+00
2.300000e+02	2.400000e+02	5.890000e+01	2.426932e+00	2.426932e+00
2.400000e+02	2.500000e+02	5.400000e+01	2.323790e+00	2.323790e+00
2.500000e+02	2.600000e+02	5.710000e+01	2.389561e+00	2.389561e+00
2.600000e+02	2.700000e+02	5.050000e+01	2.247221e+00	2.247221e+00
2.700000e+02	2.800000e+02	5.190000e+01	2.278157e+00	2.278157e+00
2.800000e+02	2.900000e+02	5.510000e+01	2.347339e+00	2.347339e+00
2.900000e+02	3.000000e+02	5.200000e+01	2.280351e+00	2.280351e+00
3.000000e+02	3.100000e+02	5.340000e+01	2.310844e+00	2.310844e+00
3.100000e+02	3.200000e+02	4.700000e+01	2.167948e+00	2.167948e+00
3.200000e+02	3.300000e+02	4.530000e+01	2.128380e+00	2.128380e+00
3.300000e+02	3.400000e+02	5.190000e+01	2.278157e+00	2.278157e+00
3.400000e+02	3.500000e+02	4.710000e+01	2.170253e+00	2.170253e+00
3.500000e+02	3.600000e+02	4.600000e+01	2.144761e+00	2.144761e+00
3.600000e+02	3.700000e+02	4.850000e+01	2.202272e+00	2.202272e+00
3.700000e+02	3.800000e+02	4.820000e+01	2.195450e+00	2.195450e+00
3.800000e+02	3.900000e+02	4.320000e+01	2.078461e+00	2.078461e+00
3.900000e+02	4.000000e+02	4.360000e+01	2.088061e+00	2.088061e+00
4.000000e+02	4.100000e+02	4.110000e+01	2.027313e+00	2.027313e+00
4.100000e+02	4.200000e+02	4.220000e+01	2.054264e+00	2.054264e+00
4.200000e+02	4.300000e+02	3.940000e+01	1.984943e+00	1.984943e+00
4.300000e+02	4.400000e+02	3.880000e+01	1.969772e+00	1.969772e+00
4.400000e+02	4.500000e+02	3.950000e+01	1.987461e+00	1.987461e+00
4.500000e+02	4.600000e+02	3.570000e+01	1.889444e+00	1.889444e+00
4.600000e+02	4.700000e+02	4.060000e+01	2.014944e+00	2.014944e+00
4.700000e+02	4.800000e+02	3.760000e+01	1.939072e+00	1.939072e+00
4.800000e+02	4.900000e+02	3.550000e+01	1.884144e+00	1.884144e+00
4.900000e+02	5.000000e+02	3.520000e+01	1.876166e+00	1.876166e+00
# END HISTO1D

