# BEGIN PLOT
RatioPlotYLabel=Ratio
LegendOnly=//afs/cern.ch/user/d/dsatco/herbvi6500/yoda_files/40TeV_iproc7099_20t_ev.yoda/MC_SUSY/n-jet //afs/cern.ch/user/d/dsatco/herbvi6500/yoda_files/40TeV_iproc7099_ct14nlo.yoda/MC_SUSY/n-jet //afs/cern.ch/user/d/dsatco/herbvi6500/yoda_files/40TeV_iproc7099_mmht2014.yoda/MC_SUSY/n-jet //afs/cern.ch/user/d/dsatco/herbvi6500/yoda_files/40TeV_iproc7099_nnpdf30.yoda/MC_SUSY/n-jet
XLabel=$N_\text{jet}$
RatioPlotReference=//afs/cern.ch/user/d/dsatco/herbvi6500/yoda_files/40TeV_iproc7099_20t_ev.yoda/MC_SUSY/n-jet
YLabel=$\mathrm{d}N_\text{evt}/\mathrm{d}N_\text{jet}$
DrawOnly=//afs/cern.ch/user/d/dsatco/herbvi6500/yoda_files/40TeV_iproc7099_20t_ev.yoda/MC_SUSY/n-jet //afs/cern.ch/user/d/dsatco/herbvi6500/yoda_files/40TeV_iproc7099_ct14nlo.yoda/MC_SUSY/n-jet //afs/cern.ch/user/d/dsatco/herbvi6500/yoda_files/40TeV_iproc7099_mmht2014.yoda/MC_SUSY/n-jet //afs/cern.ch/user/d/dsatco/herbvi6500/yoda_files/40TeV_iproc7099_nnpdf30.yoda/MC_SUSY/n-jet
RatioPlot=1
Title=Multiplicity distribution for $R=0.7$ anti-$k_\perp$ jets
Legend=1
LogY=0
# END PLOT

# BEGIN HISTO1D //afs/cern.ch/user/d/dsatco/herbvi6500/yoda_files/40TeV_iproc7099_20t_ev.yoda/MC_SUSY/n-jet
ErrorBars=1
LineColor=red
LineStyle=solid
Path=//afs/cern.ch/user/d/dsatco/herbvi6500/yoda_files/40TeV_iproc7099_20t_ev.yoda/MC_SUSY/n-jet
Title=mstw1998
XLabel=
YLabel=
# xlow	 xhigh	 val	 errminus	 errplus
-5.000000e-01	5.000000e-01	0.000000e+00	0.000000e+00	0.000000e+00
5.000000e-01	1.500000e+00	0.000000e+00	0.000000e+00	0.000000e+00
1.500000e+00	2.500000e+00	0.000000e+00	0.000000e+00	0.000000e+00
2.500000e+00	3.500000e+00	0.000000e+00	0.000000e+00	0.000000e+00
3.500000e+00	4.500000e+00	0.000000e+00	0.000000e+00	0.000000e+00
4.500000e+00	5.500000e+00	0.000000e+00	0.000000e+00	0.000000e+00
5.500000e+00	6.500000e+00	0.000000e+00	0.000000e+00	0.000000e+00
6.500000e+00	7.500000e+00	0.000000e+00	0.000000e+00	0.000000e+00
7.500000e+00	8.500000e+00	0.000000e+00	0.000000e+00	0.000000e+00
8.500000e+00	9.500000e+00	0.000000e+00	0.000000e+00	0.000000e+00
9.500000e+00	1.050000e+01	0.000000e+00	0.000000e+00	0.000000e+00
1.050000e+01	1.150000e+01	1.800000e+01	4.242641e+00	4.242641e+00
1.150000e+01	1.250000e+01	9.300000e+01	9.643651e+00	9.643651e+00
1.250000e+01	1.350000e+01	3.510000e+02	1.873499e+01	1.873499e+01
1.350000e+01	1.450000e+01	9.600000e+02	3.098387e+01	3.098387e+01
1.450000e+01	1.550000e+01	1.843000e+03	4.293018e+01	4.293018e+01
1.550000e+01	1.650000e+01	2.893000e+03	5.378662e+01	5.378662e+01
1.650000e+01	1.750000e+01	3.533000e+03	5.943904e+01	5.943904e+01
1.750000e+01	1.850000e+01	3.618000e+03	6.014981e+01	6.014981e+01
1.850000e+01	1.950000e+01	2.893000e+03	5.378662e+01	5.378662e+01
1.950000e+01	2.050000e+01	1.945000e+03	4.410215e+01	4.410215e+01
# END HISTO1D

# BEGIN HISTO1D //afs/cern.ch/user/d/dsatco/herbvi6500/yoda_files/40TeV_iproc7099_ct14nlo.yoda/MC_SUSY/n-jet
ErrorBars=1
LineColor=blue
LineStyle=solid
Path=//afs/cern.ch/user/d/dsatco/herbvi6500/yoda_files/40TeV_iproc7099_ct14nlo.yoda/MC_SUSY/n-jet
Title=ct14nlo
XLabel=
YLabel=
# xlow	 xhigh	 val	 errminus	 errplus
-5.000000e-01	5.000000e-01	0.000000e+00	0.000000e+00	0.000000e+00
5.000000e-01	1.500000e+00	0.000000e+00	0.000000e+00	0.000000e+00
1.500000e+00	2.500000e+00	0.000000e+00	0.000000e+00	0.000000e+00
2.500000e+00	3.500000e+00	0.000000e+00	0.000000e+00	0.000000e+00
3.500000e+00	4.500000e+00	0.000000e+00	0.000000e+00	0.000000e+00
4.500000e+00	5.500000e+00	0.000000e+00	0.000000e+00	0.000000e+00
5.500000e+00	6.500000e+00	0.000000e+00	0.000000e+00	0.000000e+00
6.500000e+00	7.500000e+00	0.000000e+00	0.000000e+00	0.000000e+00
7.500000e+00	8.500000e+00	0.000000e+00	0.000000e+00	0.000000e+00
8.500000e+00	9.500000e+00	1.000000e+00	1.000000e+00	1.000000e+00
9.500000e+00	1.050000e+01	2.000000e+00	1.414214e+00	1.414214e+00
1.050000e+01	1.150000e+01	2.100000e+01	4.582576e+00	4.582576e+00
1.150000e+01	1.250000e+01	1.030000e+02	1.014889e+01	1.014889e+01
1.250000e+01	1.350000e+01	3.760000e+02	1.939072e+01	1.939072e+01
1.350000e+01	1.450000e+01	9.280000e+02	3.046309e+01	3.046309e+01
1.450000e+01	1.550000e+01	1.888000e+03	4.345112e+01	4.345112e+01
1.550000e+01	1.650000e+01	3.006000e+03	5.482700e+01	5.482700e+01
1.650000e+01	1.750000e+01	3.539000e+03	5.948949e+01	5.948949e+01
1.750000e+01	1.850000e+01	3.524000e+03	5.936329e+01	5.936329e+01
1.850000e+01	1.950000e+01	2.872000e+03	5.359104e+01	5.359104e+01
1.950000e+01	2.050000e+01	1.889000e+03	4.346263e+01	4.346263e+01
# END HISTO1D

# BEGIN HISTO1D //afs/cern.ch/user/d/dsatco/herbvi6500/yoda_files/40TeV_iproc7099_mmht2014.yoda/MC_SUSY/n-jet
ErrorBars=1
LineColor=green
LineStyle=solid
Path=//afs/cern.ch/user/d/dsatco/herbvi6500/yoda_files/40TeV_iproc7099_mmht2014.yoda/MC_SUSY/n-jet
Title=mmht2014
XLabel=
YLabel=
# xlow	 xhigh	 val	 errminus	 errplus
-5.000000e-01	5.000000e-01	0.000000e+00	0.000000e+00	0.000000e+00
5.000000e-01	1.500000e+00	0.000000e+00	0.000000e+00	0.000000e+00
1.500000e+00	2.500000e+00	0.000000e+00	0.000000e+00	0.000000e+00
2.500000e+00	3.500000e+00	0.000000e+00	0.000000e+00	0.000000e+00
3.500000e+00	4.500000e+00	0.000000e+00	0.000000e+00	0.000000e+00
4.500000e+00	5.500000e+00	0.000000e+00	0.000000e+00	0.000000e+00
5.500000e+00	6.500000e+00	0.000000e+00	0.000000e+00	0.000000e+00
6.500000e+00	7.500000e+00	0.000000e+00	0.000000e+00	0.000000e+00
7.500000e+00	8.500000e+00	0.000000e+00	0.000000e+00	0.000000e+00
8.500000e+00	9.500000e+00	0.000000e+00	0.000000e+00	0.000000e+00
9.500000e+00	1.050000e+01	2.000000e+00	1.414214e+00	1.414214e+00
1.050000e+01	1.150000e+01	1.700000e+01	4.123106e+00	4.123106e+00
1.150000e+01	1.250000e+01	1.170000e+02	1.081665e+01	1.081665e+01
1.250000e+01	1.350000e+01	3.340000e+02	1.827567e+01	1.827567e+01
1.350000e+01	1.450000e+01	9.450000e+02	3.074085e+01	3.074085e+01
1.450000e+01	1.550000e+01	1.958000e+03	4.424929e+01	4.424929e+01
1.550000e+01	1.650000e+01	2.956000e+03	5.436911e+01	5.436911e+01
1.650000e+01	1.750000e+01	3.596000e+03	5.996666e+01	5.996666e+01
1.750000e+01	1.850000e+01	3.534000e+03	5.944746e+01	5.944746e+01
1.850000e+01	1.950000e+01	2.855000e+03	5.343220e+01	5.343220e+01
1.950000e+01	2.050000e+01	1.878000e+03	4.333590e+01	4.333590e+01
# END HISTO1D

# BEGIN HISTO1D //afs/cern.ch/user/d/dsatco/herbvi6500/yoda_files/40TeV_iproc7099_nnpdf30.yoda/MC_SUSY/n-jet
ErrorBars=1
LineColor=orange
LineStyle=solid
Path=//afs/cern.ch/user/d/dsatco/herbvi6500/yoda_files/40TeV_iproc7099_nnpdf30.yoda/MC_SUSY/n-jet
Title=nnpdf30
XLabel=
YLabel=
# xlow	 xhigh	 val	 errminus	 errplus
-5.000000e-01	5.000000e-01	0.000000e+00	0.000000e+00	0.000000e+00
5.000000e-01	1.500000e+00	0.000000e+00	0.000000e+00	0.000000e+00
1.500000e+00	2.500000e+00	0.000000e+00	0.000000e+00	0.000000e+00
2.500000e+00	3.500000e+00	0.000000e+00	0.000000e+00	0.000000e+00
3.500000e+00	4.500000e+00	0.000000e+00	0.000000e+00	0.000000e+00
4.500000e+00	5.500000e+00	0.000000e+00	0.000000e+00	0.000000e+00
5.500000e+00	6.500000e+00	0.000000e+00	0.000000e+00	0.000000e+00
6.500000e+00	7.500000e+00	0.000000e+00	0.000000e+00	0.000000e+00
7.500000e+00	8.500000e+00	0.000000e+00	0.000000e+00	0.000000e+00
8.500000e+00	9.500000e+00	0.000000e+00	0.000000e+00	0.000000e+00
9.500000e+00	1.050000e+01	1.000000e+00	1.000000e+00	1.000000e+00
1.050000e+01	1.150000e+01	2.600000e+01	5.099020e+00	5.099020e+00
1.150000e+01	1.250000e+01	9.800000e+01	9.899495e+00	9.899495e+00
1.250000e+01	1.350000e+01	3.680000e+02	1.918333e+01	1.918333e+01
1.350000e+01	1.450000e+01	9.960000e+02	3.155947e+01	3.155947e+01
1.450000e+01	1.550000e+01	1.948000e+03	4.413615e+01	4.413615e+01
1.550000e+01	1.650000e+01	2.951000e+03	5.432311e+01	5.432311e+01
1.650000e+01	1.750000e+01	3.528000e+03	5.939697e+01	5.939697e+01
1.750000e+01	1.850000e+01	3.536000e+03	5.946427e+01	5.946427e+01
1.850000e+01	1.950000e+01	2.845000e+03	5.333854e+01	5.333854e+01
1.950000e+01	2.050000e+01	1.900000e+03	4.358899e+01	4.358899e+01
# END HISTO1D

