# BEGIN PLOT
RatioPlotYLabel=Ratio
LegendOnly=//afs/cern.ch/user/d/dsatco/herbvi6500/yoda_files/40TeV_iproc7099_20t_ev.yoda/MC_SUSY/n-trk //afs/cern.ch/user/d/dsatco/herbvi6500/yoda_files/40TeV_iproc7099_ct14nlo.yoda/MC_SUSY/n-trk //afs/cern.ch/user/d/dsatco/herbvi6500/yoda_files/40TeV_iproc7099_mmht2014.yoda/MC_SUSY/n-trk //afs/cern.ch/user/d/dsatco/herbvi6500/yoda_files/40TeV_iproc7099_nnpdf30.yoda/MC_SUSY/n-trk
XLabel=$N_\text{ch}$
RatioPlotReference=//afs/cern.ch/user/d/dsatco/herbvi6500/yoda_files/40TeV_iproc7099_20t_ev.yoda/MC_SUSY/n-trk
YLabel=$\mathrm{d}N_\text{evt}/\mathrm{d}N_\text{ch}$
DrawOnly=//afs/cern.ch/user/d/dsatco/herbvi6500/yoda_files/40TeV_iproc7099_20t_ev.yoda/MC_SUSY/n-trk //afs/cern.ch/user/d/dsatco/herbvi6500/yoda_files/40TeV_iproc7099_ct14nlo.yoda/MC_SUSY/n-trk //afs/cern.ch/user/d/dsatco/herbvi6500/yoda_files/40TeV_iproc7099_mmht2014.yoda/MC_SUSY/n-trk //afs/cern.ch/user/d/dsatco/herbvi6500/yoda_files/40TeV_iproc7099_nnpdf30.yoda/MC_SUSY/n-trk
RatioPlot=1
Title=Multiplicity distribution for charged tracks
Legend=1
LogY=0
# END PLOT

# BEGIN HISTO1D //afs/cern.ch/user/d/dsatco/herbvi6500/yoda_files/40TeV_iproc7099_20t_ev.yoda/MC_SUSY/n-trk
ErrorBars=1
LineColor=red
LineStyle=solid
Path=//afs/cern.ch/user/d/dsatco/herbvi6500/yoda_files/40TeV_iproc7099_20t_ev.yoda/MC_SUSY/n-trk
Title=mstw1998
XLabel=
YLabel=
# xlow	 xhigh	 val	 errminus	 errplus
5.000000e-01	6.500000e+00	0.000000e+00	0.000000e+00	0.000000e+00
6.500000e+00	1.250000e+01	0.000000e+00	0.000000e+00	0.000000e+00
1.250000e+01	1.850000e+01	0.000000e+00	0.000000e+00	0.000000e+00
1.850000e+01	2.450000e+01	0.000000e+00	0.000000e+00	0.000000e+00
2.450000e+01	3.050000e+01	0.000000e+00	0.000000e+00	0.000000e+00
3.050000e+01	3.650000e+01	0.000000e+00	0.000000e+00	0.000000e+00
3.650000e+01	4.250000e+01	0.000000e+00	0.000000e+00	0.000000e+00
4.250000e+01	4.850000e+01	0.000000e+00	0.000000e+00	0.000000e+00
4.850000e+01	5.450000e+01	0.000000e+00	0.000000e+00	0.000000e+00
5.450000e+01	6.050000e+01	0.000000e+00	0.000000e+00	0.000000e+00
6.050000e+01	6.650000e+01	0.000000e+00	0.000000e+00	0.000000e+00
6.650000e+01	7.250000e+01	0.000000e+00	0.000000e+00	0.000000e+00
7.250000e+01	7.850000e+01	0.000000e+00	0.000000e+00	0.000000e+00
7.850000e+01	8.450000e+01	6.666667e-01	3.333333e-01	3.333333e-01
8.450000e+01	9.050000e+01	1.500000e+00	5.000000e-01	5.000000e-01
9.050000e+01	9.650000e+01	3.333333e+00	7.453560e-01	7.453560e-01
9.650000e+01	1.025000e+02	1.033333e+01	1.312335e+00	1.312335e+00
1.025000e+02	1.085000e+02	1.983333e+01	1.818119e+00	1.818119e+00
1.085000e+02	1.145000e+02	3.783333e+01	2.511087e+00	2.511087e+00
1.145000e+02	1.205000e+02	7.216667e+01	3.468109e+00	3.468109e+00
1.205000e+02	1.265000e+02	1.156667e+02	4.390647e+00	4.390647e+00
1.265000e+02	1.325000e+02	1.735000e+02	5.377422e+00	5.377422e+00
1.325000e+02	1.385000e+02	2.330000e+02	6.231640e+00	6.231640e+00
1.385000e+02	1.445000e+02	2.825000e+02	6.861730e+00	6.861730e+00
1.445000e+02	1.505000e+02	3.291667e+02	7.406829e+00	7.406829e+00
1.505000e+02	1.565000e+02	3.520000e+02	7.659417e+00	7.659417e+00
1.565000e+02	1.625000e+02	3.558333e+02	7.701010e+00	7.701010e+00
1.625000e+02	1.685000e+02	3.290000e+02	7.404953e+00	7.404953e+00
1.685000e+02	1.745000e+02	2.678333e+02	6.681234e+00	6.681234e+00
1.745000e+02	1.805000e+02	2.258333e+02	6.135054e+00	6.135054e+00
1.805000e+02	1.865000e+02	1.686667e+02	5.301991e+00	5.301991e+00
1.865000e+02	1.925000e+02	1.353333e+02	4.749269e+00	4.749269e+00
1.925000e+02	1.985000e+02	8.383333e+01	3.737944e+00	3.737944e+00
1.985000e+02	2.045000e+02	5.266667e+01	2.962731e+00	2.962731e+00
2.045000e+02	2.105000e+02	3.450000e+01	2.397916e+00	2.397916e+00
2.105000e+02	2.165000e+02	2.100000e+01	1.870829e+00	1.870829e+00
2.165000e+02	2.225000e+02	1.233333e+01	1.433721e+00	1.433721e+00
2.225000e+02	2.285000e+02	6.333333e+00	1.027402e+00	1.027402e+00
2.285000e+02	2.345000e+02	3.833333e+00	7.993053e-01	7.993053e-01
2.345000e+02	2.405000e+02	2.500000e+00	6.454972e-01	6.454972e-01
2.405000e+02	2.465000e+02	8.333333e-01	3.726780e-01	3.726780e-01
2.465000e+02	2.525000e+02	1.500000e+00	5.000000e-01	5.000000e-01
2.525000e+02	2.585000e+02	0.000000e+00	0.000000e+00	0.000000e+00
2.585000e+02	2.645000e+02	0.000000e+00	0.000000e+00	0.000000e+00
2.645000e+02	2.705000e+02	0.000000e+00	0.000000e+00	0.000000e+00
2.705000e+02	2.765000e+02	0.000000e+00	0.000000e+00	0.000000e+00
2.765000e+02	2.825000e+02	0.000000e+00	0.000000e+00	0.000000e+00
2.825000e+02	2.885000e+02	0.000000e+00	0.000000e+00	0.000000e+00
2.885000e+02	2.945000e+02	0.000000e+00	0.000000e+00	0.000000e+00
2.945000e+02	3.005000e+02	0.000000e+00	0.000000e+00	0.000000e+00
# END HISTO1D

# BEGIN HISTO1D //afs/cern.ch/user/d/dsatco/herbvi6500/yoda_files/40TeV_iproc7099_ct14nlo.yoda/MC_SUSY/n-trk
ErrorBars=1
LineColor=blue
LineStyle=solid
Path=//afs/cern.ch/user/d/dsatco/herbvi6500/yoda_files/40TeV_iproc7099_ct14nlo.yoda/MC_SUSY/n-trk
Title=ct14nlo
XLabel=
YLabel=
# xlow	 xhigh	 val	 errminus	 errplus
5.000000e-01	6.500000e+00	0.000000e+00	0.000000e+00	0.000000e+00
6.500000e+00	1.250000e+01	0.000000e+00	0.000000e+00	0.000000e+00
1.250000e+01	1.850000e+01	0.000000e+00	0.000000e+00	0.000000e+00
1.850000e+01	2.450000e+01	0.000000e+00	0.000000e+00	0.000000e+00
2.450000e+01	3.050000e+01	0.000000e+00	0.000000e+00	0.000000e+00
3.050000e+01	3.650000e+01	0.000000e+00	0.000000e+00	0.000000e+00
3.650000e+01	4.250000e+01	0.000000e+00	0.000000e+00	0.000000e+00
4.250000e+01	4.850000e+01	0.000000e+00	0.000000e+00	0.000000e+00
4.850000e+01	5.450000e+01	0.000000e+00	0.000000e+00	0.000000e+00
5.450000e+01	6.050000e+01	0.000000e+00	0.000000e+00	0.000000e+00
6.050000e+01	6.650000e+01	0.000000e+00	0.000000e+00	0.000000e+00
6.650000e+01	7.250000e+01	0.000000e+00	0.000000e+00	0.000000e+00
7.250000e+01	7.850000e+01	0.000000e+00	0.000000e+00	0.000000e+00
7.850000e+01	8.450000e+01	3.333333e-01	2.357023e-01	2.357023e-01
8.450000e+01	9.050000e+01	1.500000e+00	5.000000e-01	5.000000e-01
9.050000e+01	9.650000e+01	4.666667e+00	8.819171e-01	8.819171e-01
9.650000e+01	1.025000e+02	1.116667e+01	1.364225e+00	1.364225e+00
1.025000e+02	1.085000e+02	2.333333e+01	1.972027e+00	1.972027e+00
1.085000e+02	1.145000e+02	4.300000e+01	2.677063e+00	2.677063e+00
1.145000e+02	1.205000e+02	6.783333e+01	3.362374e+00	3.362374e+00
1.205000e+02	1.265000e+02	1.163333e+02	4.403282e+00	4.403282e+00
1.265000e+02	1.325000e+02	1.710000e+02	5.338539e+00	5.338539e+00
1.325000e+02	1.385000e+02	2.425000e+02	6.357410e+00	6.357410e+00
1.385000e+02	1.445000e+02	3.038333e+02	7.116101e+00	7.116101e+00
1.445000e+02	1.505000e+02	3.370000e+02	7.494442e+00	7.494442e+00
1.505000e+02	1.565000e+02	3.601667e+02	7.747760e+00	7.747760e+00
1.565000e+02	1.625000e+02	3.491667e+02	7.628528e+00	7.628528e+00
1.625000e+02	1.685000e+02	3.131667e+02	7.224572e+00	7.224572e+00
1.685000e+02	1.745000e+02	2.781667e+02	6.808899e+00	6.808899e+00
1.745000e+02	1.805000e+02	2.136667e+02	5.967505e+00	5.967505e+00
1.805000e+02	1.865000e+02	1.696667e+02	5.317685e+00	5.317685e+00
1.865000e+02	1.925000e+02	1.223333e+02	4.515406e+00	4.515406e+00
1.925000e+02	1.985000e+02	7.783333e+01	3.601697e+00	3.601697e+00
1.985000e+02	2.045000e+02	5.600000e+01	3.055050e+00	3.055050e+00
2.045000e+02	2.105000e+02	3.266667e+01	2.333333e+00	2.333333e+00
2.105000e+02	2.165000e+02	1.650000e+01	1.658312e+00	1.658312e+00
2.165000e+02	2.225000e+02	9.333333e+00	1.247219e+00	1.247219e+00
2.225000e+02	2.285000e+02	6.333333e+00	1.027402e+00	1.027402e+00
2.285000e+02	2.345000e+02	3.000000e+00	7.071068e-01	7.071068e-01
2.345000e+02	2.405000e+02	1.500000e+00	5.000000e-01	5.000000e-01
2.405000e+02	2.465000e+02	5.000000e-01	2.886751e-01	2.886751e-01
2.465000e+02	2.525000e+02	0.000000e+00	0.000000e+00	0.000000e+00
2.525000e+02	2.585000e+02	6.666667e-01	3.333333e-01	3.333333e-01
2.585000e+02	2.645000e+02	1.666667e-01	1.666667e-01	1.666667e-01
2.645000e+02	2.705000e+02	0.000000e+00	0.000000e+00	0.000000e+00
2.705000e+02	2.765000e+02	0.000000e+00	0.000000e+00	0.000000e+00
2.765000e+02	2.825000e+02	0.000000e+00	0.000000e+00	0.000000e+00
2.825000e+02	2.885000e+02	0.000000e+00	0.000000e+00	0.000000e+00
2.885000e+02	2.945000e+02	0.000000e+00	0.000000e+00	0.000000e+00
2.945000e+02	3.005000e+02	0.000000e+00	0.000000e+00	0.000000e+00
# END HISTO1D

# BEGIN HISTO1D //afs/cern.ch/user/d/dsatco/herbvi6500/yoda_files/40TeV_iproc7099_mmht2014.yoda/MC_SUSY/n-trk
ErrorBars=1
LineColor=green
LineStyle=solid
Path=//afs/cern.ch/user/d/dsatco/herbvi6500/yoda_files/40TeV_iproc7099_mmht2014.yoda/MC_SUSY/n-trk
Title=mmht2014
XLabel=
YLabel=
# xlow	 xhigh	 val	 errminus	 errplus
5.000000e-01	6.500000e+00	0.000000e+00	0.000000e+00	0.000000e+00
6.500000e+00	1.250000e+01	0.000000e+00	0.000000e+00	0.000000e+00
1.250000e+01	1.850000e+01	0.000000e+00	0.000000e+00	0.000000e+00
1.850000e+01	2.450000e+01	0.000000e+00	0.000000e+00	0.000000e+00
2.450000e+01	3.050000e+01	0.000000e+00	0.000000e+00	0.000000e+00
3.050000e+01	3.650000e+01	0.000000e+00	0.000000e+00	0.000000e+00
3.650000e+01	4.250000e+01	0.000000e+00	0.000000e+00	0.000000e+00
4.250000e+01	4.850000e+01	0.000000e+00	0.000000e+00	0.000000e+00
4.850000e+01	5.450000e+01	0.000000e+00	0.000000e+00	0.000000e+00
5.450000e+01	6.050000e+01	0.000000e+00	0.000000e+00	0.000000e+00
6.050000e+01	6.650000e+01	0.000000e+00	0.000000e+00	0.000000e+00
6.650000e+01	7.250000e+01	0.000000e+00	0.000000e+00	0.000000e+00
7.250000e+01	7.850000e+01	0.000000e+00	0.000000e+00	0.000000e+00
7.850000e+01	8.450000e+01	3.333333e-01	2.357023e-01	2.357023e-01
8.450000e+01	9.050000e+01	1.333333e+00	4.714045e-01	4.714045e-01
9.050000e+01	9.650000e+01	2.833333e+00	6.871843e-01	6.871843e-01
9.650000e+01	1.025000e+02	8.333333e+00	1.178511e+00	1.178511e+00
1.025000e+02	1.085000e+02	1.933333e+01	1.795055e+00	1.795055e+00
1.085000e+02	1.145000e+02	4.316667e+01	2.682246e+00	2.682246e+00
1.145000e+02	1.205000e+02	7.500000e+01	3.535534e+00	3.535534e+00
1.205000e+02	1.265000e+02	1.166667e+02	4.409586e+00	4.409586e+00
1.265000e+02	1.325000e+02	1.810000e+02	5.492419e+00	5.492419e+00
1.325000e+02	1.385000e+02	2.360000e+02	6.271629e+00	6.271629e+00
1.385000e+02	1.445000e+02	2.951667e+02	7.013875e+00	7.013875e+00
1.445000e+02	1.505000e+02	3.358333e+02	7.481459e+00	7.481459e+00
1.505000e+02	1.565000e+02	3.671667e+02	7.822688e+00	7.822688e+00
1.565000e+02	1.625000e+02	3.575000e+02	7.719024e+00	7.719024e+00
1.625000e+02	1.685000e+02	3.260000e+02	7.371115e+00	7.371115e+00
1.685000e+02	1.745000e+02	2.845000e+02	6.885976e+00	6.885976e+00
1.745000e+02	1.805000e+02	2.251667e+02	6.125992e+00	6.125992e+00
1.805000e+02	1.865000e+02	1.616667e+02	5.190804e+00	5.190804e+00
1.865000e+02	1.925000e+02	1.070000e+02	4.222953e+00	4.222953e+00
1.925000e+02	1.985000e+02	6.816667e+01	3.370625e+00	3.370625e+00
1.985000e+02	2.045000e+02	4.766667e+01	2.818589e+00	2.818589e+00
2.045000e+02	2.105000e+02	3.216667e+01	2.315407e+00	2.315407e+00
2.105000e+02	2.165000e+02	2.016667e+01	1.833333e+00	1.833333e+00
2.165000e+02	2.225000e+02	8.333333e+00	1.178511e+00	1.178511e+00
2.225000e+02	2.285000e+02	5.666667e+00	9.718253e-01	9.718253e-01
2.285000e+02	2.345000e+02	5.166667e+00	9.279607e-01	9.279607e-01
2.345000e+02	2.405000e+02	1.666667e-01	1.666667e-01	1.666667e-01
2.405000e+02	2.465000e+02	8.333333e-01	3.726780e-01	3.726780e-01
2.465000e+02	2.525000e+02	5.000000e-01	2.886751e-01	2.886751e-01
2.525000e+02	2.585000e+02	3.333333e-01	2.357023e-01	2.357023e-01
2.585000e+02	2.645000e+02	1.666667e-01	1.666667e-01	1.666667e-01
2.645000e+02	2.705000e+02	0.000000e+00	0.000000e+00	0.000000e+00
2.705000e+02	2.765000e+02	0.000000e+00	0.000000e+00	0.000000e+00
2.765000e+02	2.825000e+02	0.000000e+00	0.000000e+00	0.000000e+00
2.825000e+02	2.885000e+02	0.000000e+00	0.000000e+00	0.000000e+00
2.885000e+02	2.945000e+02	0.000000e+00	0.000000e+00	0.000000e+00
2.945000e+02	3.005000e+02	0.000000e+00	0.000000e+00	0.000000e+00
# END HISTO1D

# BEGIN HISTO1D //afs/cern.ch/user/d/dsatco/herbvi6500/yoda_files/40TeV_iproc7099_nnpdf30.yoda/MC_SUSY/n-trk
ErrorBars=1
LineColor=orange
LineStyle=solid
Path=//afs/cern.ch/user/d/dsatco/herbvi6500/yoda_files/40TeV_iproc7099_nnpdf30.yoda/MC_SUSY/n-trk
Title=nnpdf30
XLabel=
YLabel=
# xlow	 xhigh	 val	 errminus	 errplus
5.000000e-01	6.500000e+00	0.000000e+00	0.000000e+00	0.000000e+00
6.500000e+00	1.250000e+01	0.000000e+00	0.000000e+00	0.000000e+00
1.250000e+01	1.850000e+01	0.000000e+00	0.000000e+00	0.000000e+00
1.850000e+01	2.450000e+01	0.000000e+00	0.000000e+00	0.000000e+00
2.450000e+01	3.050000e+01	0.000000e+00	0.000000e+00	0.000000e+00
3.050000e+01	3.650000e+01	0.000000e+00	0.000000e+00	0.000000e+00
3.650000e+01	4.250000e+01	0.000000e+00	0.000000e+00	0.000000e+00
4.250000e+01	4.850000e+01	0.000000e+00	0.000000e+00	0.000000e+00
4.850000e+01	5.450000e+01	0.000000e+00	0.000000e+00	0.000000e+00
5.450000e+01	6.050000e+01	0.000000e+00	0.000000e+00	0.000000e+00
6.050000e+01	6.650000e+01	0.000000e+00	0.000000e+00	0.000000e+00
6.650000e+01	7.250000e+01	1.666667e-01	1.666667e-01	1.666667e-01
7.250000e+01	7.850000e+01	1.666667e-01	1.666667e-01	1.666667e-01
7.850000e+01	8.450000e+01	1.666667e-01	1.666667e-01	1.666667e-01
8.450000e+01	9.050000e+01	1.500000e+00	5.000000e-01	5.000000e-01
9.050000e+01	9.650000e+01	1.833333e+00	5.527708e-01	5.527708e-01
9.650000e+01	1.025000e+02	1.016667e+01	1.301708e+00	1.301708e+00
1.025000e+02	1.085000e+02	2.116667e+01	1.878238e+00	1.878238e+00
1.085000e+02	1.145000e+02	3.850000e+01	2.533114e+00	2.533114e+00
1.145000e+02	1.205000e+02	7.416667e+01	3.515837e+00	3.515837e+00
1.205000e+02	1.265000e+02	1.233333e+02	4.533824e+00	4.533824e+00
1.265000e+02	1.325000e+02	1.838333e+02	5.535241e+00	5.535241e+00
1.325000e+02	1.385000e+02	2.461667e+02	6.405293e+00	6.405293e+00
1.385000e+02	1.445000e+02	2.998333e+02	7.069103e+00	7.069103e+00
1.445000e+02	1.505000e+02	3.366667e+02	7.490735e+00	7.490735e+00
1.505000e+02	1.565000e+02	3.491667e+02	7.628528e+00	7.628528e+00
1.565000e+02	1.625000e+02	3.556667e+02	7.699206e+00	7.699206e+00
1.625000e+02	1.685000e+02	3.180000e+02	7.280110e+00	7.280110e+00
1.685000e+02	1.745000e+02	2.690000e+02	6.695770e+00	6.695770e+00
1.745000e+02	1.805000e+02	2.103333e+02	5.920773e+00	5.920773e+00
1.805000e+02	1.865000e+02	1.646667e+02	5.238745e+00	5.238745e+00
1.865000e+02	1.925000e+02	1.198333e+02	4.469029e+00	4.469029e+00
1.925000e+02	1.985000e+02	8.350000e+01	3.730505e+00	3.730505e+00
1.985000e+02	2.045000e+02	5.200000e+01	2.943920e+00	2.943920e+00
2.045000e+02	2.105000e+02	3.283333e+01	2.339278e+00	2.339278e+00
2.105000e+02	2.165000e+02	2.016667e+01	1.833333e+00	1.833333e+00
2.165000e+02	2.225000e+02	8.833333e+00	1.213352e+00	1.213352e+00
2.225000e+02	2.285000e+02	6.000000e+00	1.000000e+00	1.000000e+00
2.285000e+02	2.345000e+02	3.333333e+00	7.453560e-01	7.453560e-01
2.345000e+02	2.405000e+02	1.166667e+00	4.409586e-01	4.409586e-01
2.405000e+02	2.465000e+02	5.000000e-01	2.886751e-01	2.886751e-01
2.465000e+02	2.525000e+02	3.333333e-01	2.357023e-01	2.357023e-01
2.525000e+02	2.585000e+02	1.666667e-01	1.666667e-01	1.666667e-01
2.585000e+02	2.645000e+02	1.666667e-01	1.666667e-01	1.666667e-01
2.645000e+02	2.705000e+02	0.000000e+00	0.000000e+00	0.000000e+00
2.705000e+02	2.765000e+02	0.000000e+00	0.000000e+00	0.000000e+00
2.765000e+02	2.825000e+02	0.000000e+00	0.000000e+00	0.000000e+00
2.825000e+02	2.885000e+02	0.000000e+00	0.000000e+00	0.000000e+00
2.885000e+02	2.945000e+02	0.000000e+00	0.000000e+00	0.000000e+00
2.945000e+02	3.005000e+02	0.000000e+00	0.000000e+00	0.000000e+00
# END HISTO1D

