# BEGIN PLOT
RatioPlotYLabel=Ratio
LegendOnly=//afs/cern.ch/user/d/dsatco/herbvi6500/yoda_files/40TeV_iproc7099_20t_ev.yoda/MC_SUSY/phi-gamma-iso //afs/cern.ch/user/d/dsatco/herbvi6500/yoda_files/40TeV_iproc7099_ct14nlo.yoda/MC_SUSY/phi-gamma-iso //afs/cern.ch/user/d/dsatco/herbvi6500/yoda_files/40TeV_iproc7099_mmht2014.yoda/MC_SUSY/phi-gamma-iso //afs/cern.ch/user/d/dsatco/herbvi6500/yoda_files/40TeV_iproc7099_nnpdf30.yoda/MC_SUSY/phi-gamma-iso
XLabel=$\phi$
RatioPlotReference=//afs/cern.ch/user/d/dsatco/herbvi6500/yoda_files/40TeV_iproc7099_20t_ev.yoda/MC_SUSY/phi-gamma-iso
YLabel=$\mathrm{d}N_{\gamma\text{iso}}/\mathrm{d}\phi$
DrawOnly=//afs/cern.ch/user/d/dsatco/herbvi6500/yoda_files/40TeV_iproc7099_20t_ev.yoda/MC_SUSY/phi-gamma-iso //afs/cern.ch/user/d/dsatco/herbvi6500/yoda_files/40TeV_iproc7099_ct14nlo.yoda/MC_SUSY/phi-gamma-iso //afs/cern.ch/user/d/dsatco/herbvi6500/yoda_files/40TeV_iproc7099_mmht2014.yoda/MC_SUSY/phi-gamma-iso //afs/cern.ch/user/d/dsatco/herbvi6500/yoda_files/40TeV_iproc7099_nnpdf30.yoda/MC_SUSY/phi-gamma-iso
RatioPlot=1
Title=$\phi$ distribution for $\Delta{R}=0.2$ jet-isolated photons
Legend=1
LogY=0
# END PLOT

# BEGIN HISTO1D //afs/cern.ch/user/d/dsatco/herbvi6500/yoda_files/40TeV_iproc7099_20t_ev.yoda/MC_SUSY/phi-gamma-iso
ErrorBars=1
LineColor=red
LineStyle=solid
Path=//afs/cern.ch/user/d/dsatco/herbvi6500/yoda_files/40TeV_iproc7099_20t_ev.yoda/MC_SUSY/phi-gamma-iso
Title=mstw1998
XLabel=
YLabel=
# xlow	 xhigh	 val	 errminus	 errplus
-3.141593e+00	-3.015929e+00	1.149573e+05	9.564514e+02	9.564514e+02
-3.015929e+00	-2.890265e+00	1.170423e+05	9.650858e+02	9.650858e+02
-2.890265e+00	-2.764602e+00	1.154516e+05	9.585093e+02	9.585093e+02
-2.764602e+00	-2.638938e+00	1.158486e+05	9.601520e+02	9.601520e+02
-2.638938e+00	-2.513274e+00	1.174879e+05	9.669213e+02	9.669213e+02
-2.513274e+00	-2.387610e+00	1.178142e+05	9.682630e+02	9.682630e+02
-2.387610e+00	-2.261947e+00	1.142500e+05	9.535082e+02	9.535082e+02
-2.261947e+00	-2.136283e+00	1.172890e+05	9.661023e+02	9.661023e+02
-2.136283e+00	-2.010619e+00	1.179574e+05	9.688514e+02	9.688514e+02
-2.010619e+00	-1.884956e+00	1.166771e+05	9.635831e+02	9.635831e+02
-1.884956e+00	-1.759292e+00	1.179415e+05	9.687860e+02	9.687860e+02
-1.759292e+00	-1.633628e+00	1.125462e+05	9.463677e+02	9.463677e+02
-1.633628e+00	-1.507964e+00	1.165171e+05	9.629180e+02	9.629180e+02
-1.507964e+00	-1.382301e+00	1.152686e+05	9.577493e+02	9.577493e+02
-1.382301e+00	-1.256637e+00	1.176471e+05	9.675760e+02	9.675760e+02
-1.256637e+00	-1.130973e+00	1.174322e+05	9.666921e+02	9.666921e+02
-1.130973e+00	-1.005310e+00	1.162633e+05	9.618729e+02	9.618729e+02
-1.005310e+00	-8.796459e-01	1.162146e+05	9.616669e+02	9.616669e+02
-8.796459e-01	-7.539822e-01	1.174564e+05	9.667926e+02	9.667926e+02
-7.539822e-01	-6.283185e-01	1.161354e+05	9.613407e+02	9.613407e+02
-6.283185e-01	-5.026548e-01	1.164139e+05	9.624928e+02	9.624928e+02
-5.026548e-01	-3.769911e-01	1.157932e+05	9.599234e+02	9.599234e+02
-3.769911e-01	-2.513274e-01	1.157852e+05	9.598904e+02	9.598904e+02
-2.513274e-01	-1.256637e-01	1.144404e+05	9.542995e+02	9.542995e+02
-1.256637e-01	4.440892e-16	1.147268e+05	9.554932e+02	9.554932e+02
4.440892e-16	1.256637e-01	1.165014e+05	9.628546e+02	9.628546e+02
1.256637e-01	2.513274e-01	1.157295e+05	9.596595e+02	9.596595e+02
2.513274e-01	3.769911e-01	1.150531e+05	9.568509e+02	9.568509e+02
3.769911e-01	5.026548e-01	1.169471e+05	9.646943e+02	9.646943e+02
5.026548e-01	6.283185e-01	1.179418e+05	9.687884e+02	9.687884e+02
6.283185e-01	7.539822e-01	1.180691e+05	9.693111e+02	9.693111e+02
7.539822e-01	8.796459e-01	1.151168e+05	9.571156e+02	9.571156e+02
8.796459e-01	1.005310e+00	1.142172e+05	9.533670e+02	9.533670e+02
1.005310e+00	1.130973e+00	1.169318e+05	9.646341e+02	9.646341e+02
1.130973e+00	1.256637e+00	1.187373e+05	9.720488e+02	9.720488e+02
1.256637e+00	1.382301e+00	1.164693e+05	9.627207e+02	9.627207e+02
1.382301e+00	1.507964e+00	1.180061e+05	9.690552e+02	9.690552e+02
1.507964e+00	1.633628e+00	1.191829e+05	9.738712e+02	9.738712e+02
1.633628e+00	1.759292e+00	1.177346e+05	9.679359e+02	9.679359e+02
1.759292e+00	1.884956e+00	1.188009e+05	9.723094e+02	9.723094e+02
1.884956e+00	2.010619e+00	1.173854e+05	9.665032e+02	9.665032e+02
2.010619e+00	2.136283e+00	1.159043e+05	9.603828e+02	9.603828e+02
2.136283e+00	2.261947e+00	1.200583e+05	9.774410e+02	9.774410e+02
2.261947e+00	2.387610e+00	1.182050e+05	9.698717e+02	9.698717e+02
2.387610e+00	2.513274e+00	1.155860e+05	9.590631e+02	9.590631e+02
2.513274e+00	2.638938e+00	1.155621e+05	9.589641e+02	9.589641e+02
2.638938e+00	2.764602e+00	1.178858e+05	9.685572e+02	9.685572e+02
2.764602e+00	2.890265e+00	1.149185e+05	9.562935e+02	9.562935e+02
2.890265e+00	3.015929e+00	1.161033e+05	9.612066e+02	9.612066e+02
3.015929e+00	3.141593e+00	1.137000e+05	9.512066e+02	9.512066e+02
# END HISTO1D

# BEGIN HISTO1D //afs/cern.ch/user/d/dsatco/herbvi6500/yoda_files/40TeV_iproc7099_ct14nlo.yoda/MC_SUSY/phi-gamma-iso
ErrorBars=1
LineColor=blue
LineStyle=solid
Path=//afs/cern.ch/user/d/dsatco/herbvi6500/yoda_files/40TeV_iproc7099_ct14nlo.yoda/MC_SUSY/phi-gamma-iso
Title=ct14nlo
XLabel=
YLabel=
# xlow	 xhigh	 val	 errminus	 errplus
-3.141593e+00	-3.015929e+00	1.167638e+05	9.639368e+02	9.639368e+02
-3.015929e+00	-2.890265e+00	1.114321e+05	9.416720e+02	9.416720e+02
-2.890265e+00	-2.764602e+00	1.191361e+05	9.736839e+02	9.736839e+02
-2.764602e+00	-2.638938e+00	1.188089e+05	9.723420e+02	9.723420e+02
-2.638938e+00	-2.513274e+00	1.151404e+05	9.572125e+02	9.572125e+02
-2.513274e+00	-2.387610e+00	1.145992e+05	9.549606e+02	9.549606e+02
-2.387610e+00	-2.261947e+00	1.140909e+05	9.528438e+02	9.528438e+02
-2.261947e+00	-2.136283e+00	1.137239e+05	9.513064e+02	9.513064e+02
-2.136283e+00	-2.010619e+00	1.144799e+05	9.544631e+02	9.544631e+02
-2.010619e+00	-1.884956e+00	1.139635e+05	9.523120e+02	9.523120e+02
-1.884956e+00	-1.759292e+00	1.150926e+05	9.570140e+02	9.570140e+02
-1.759292e+00	-1.633628e+00	1.145356e+05	9.546953e+02	9.546953e+02
-1.633628e+00	-1.507964e+00	1.119255e+05	9.437544e+02	9.437544e+02
-1.507964e+00	-1.382301e+00	1.151492e+05	9.572532e+02	9.572532e+02
-1.382301e+00	-1.256637e+00	1.143685e+05	9.539986e+02	9.539986e+02
-1.256637e+00	-1.130973e+00	1.129122e+05	9.479054e+02	9.479054e+02
-1.130973e+00	-1.005310e+00	1.159052e+05	9.603904e+02	9.603904e+02
-1.005310e+00	-8.796459e-01	1.156337e+05	9.592604e+02	9.592604e+02
-8.796459e-01	-7.539822e-01	1.163502e+05	9.622296e+02	9.622296e+02
-7.539822e-01	-6.283185e-01	1.174723e+05	9.668581e+02	9.668581e+02
-6.283185e-01	-5.026548e-01	1.178781e+05	9.685269e+02	9.685269e+02
-5.026548e-01	-3.769911e-01	1.136048e+05	9.508093e+02	9.508093e+02
-3.769911e-01	-2.513274e-01	1.169232e+05	9.645959e+02	9.645959e+02
-2.513274e-01	-1.256637e-01	1.154192e+05	9.583719e+02	9.583719e+02
-1.256637e-01	4.440892e-16	1.178542e+05	9.684288e+02	9.684288e+02
4.440892e-16	1.256637e-01	1.138276e+05	9.517413e+02	9.517413e+02
1.256637e-01	2.513274e-01	1.147268e+05	9.554932e+02	9.554932e+02
2.513274e-01	3.769911e-01	1.163184e+05	9.620979e+02	9.620979e+02
3.769911e-01	5.026548e-01	1.144483e+05	9.543327e+02	9.543327e+02
5.026548e-01	6.283185e-01	1.149974e+05	9.566192e+02	9.566192e+02
6.283185e-01	7.539822e-01	1.173768e+05	9.664651e+02	9.664651e+02
7.539822e-01	8.796459e-01	1.160558e+05	9.610113e+02	9.610113e+02
8.796459e-01	1.005310e+00	1.156973e+05	9.595244e+02	9.595244e+02
1.005310e+00	1.130973e+00	1.159848e+05	9.607201e+02	9.607201e+02
1.130973e+00	1.256637e+00	1.179733e+05	9.689168e+02	9.689168e+02
1.256637e+00	1.382301e+00	1.153393e+05	9.580391e+02	9.580391e+02
1.382301e+00	1.507964e+00	1.195897e+05	9.755357e+02	9.755357e+02
1.507964e+00	1.633628e+00	1.163022e+05	9.620298e+02	9.620298e+02
1.633628e+00	1.759292e+00	1.147823e+05	9.557229e+02	9.557229e+02
1.759292e+00	1.884956e+00	1.163579e+05	9.622602e+02	9.622602e+02
1.884956e+00	2.010619e+00	1.176400e+05	9.675510e+02	9.675510e+02
2.010619e+00	2.136283e+00	1.137716e+05	9.515061e+02	9.515061e+02
2.136283e+00	2.261947e+00	1.145992e+05	9.549606e+02	9.549606e+02
2.261947e+00	2.387610e+00	1.148866e+05	9.561611e+02	9.561611e+02
2.387610e+00	2.513274e+00	1.148619e+05	9.560541e+02	9.560541e+02
2.513274e+00	2.638938e+00	1.182280e+05	9.699619e+02	9.699619e+02
2.638938e+00	2.764602e+00	1.139228e+05	9.521381e+02	9.521381e+02
2.764602e+00	2.890265e+00	1.137487e+05	9.514138e+02	9.514138e+02
2.890265e+00	3.015929e+00	1.177187e+05	9.678705e+02	9.678705e+02
3.015929e+00	3.141593e+00	1.186736e+05	9.717882e+02	9.717882e+02
# END HISTO1D

# BEGIN HISTO1D //afs/cern.ch/user/d/dsatco/herbvi6500/yoda_files/40TeV_iproc7099_mmht2014.yoda/MC_SUSY/phi-gamma-iso
ErrorBars=1
LineColor=green
LineStyle=solid
Path=//afs/cern.ch/user/d/dsatco/herbvi6500/yoda_files/40TeV_iproc7099_mmht2014.yoda/MC_SUSY/phi-gamma-iso
Title=mmht2014
XLabel=
YLabel=
# xlow	 xhigh	 val	 errminus	 errplus
-3.141593e+00	-3.015929e+00	1.169309e+05	9.646264e+02	9.646264e+02
-3.015929e+00	-2.890265e+00	1.163499e+05	9.622273e+02	9.622273e+02
-2.890265e+00	-2.764602e+00	1.150219e+05	9.567239e+02	9.567239e+02
-2.764602e+00	-2.638938e+00	1.155780e+05	9.590301e+02	9.590301e+02
-2.638938e+00	-2.513274e+00	1.128645e+05	9.477050e+02	9.477050e+02
-2.513274e+00	-2.387610e+00	1.158168e+05	9.600201e+02	9.600201e+02
-2.387610e+00	-2.261947e+00	1.146399e+05	9.551339e+02	9.551339e+02
-2.261947e+00	-2.136283e+00	1.159521e+05	9.605806e+02	9.605806e+02
-2.136283e+00	-2.010619e+00	1.169070e+05	9.645279e+02	9.645279e+02
-2.010619e+00	-1.884956e+00	1.141784e+05	9.532093e+02	9.532093e+02
-1.884956e+00	-1.759292e+00	1.173685e+05	9.664300e+02	9.664300e+02
-1.759292e+00	-1.633628e+00	1.145913e+05	9.549274e+02	9.549274e+02
-1.633628e+00	-1.507964e+00	1.163022e+05	9.620298e+02	9.620298e+02
-1.507964e+00	-1.382301e+00	1.164623e+05	9.626955e+02	9.626955e+02
-1.382301e+00	-1.256637e+00	1.151961e+05	9.574441e+02	9.574441e+02
-1.256637e+00	-1.130973e+00	1.183394e+05	9.704188e+02	9.704188e+02
-1.130973e+00	-1.005310e+00	1.154676e+05	9.585754e+02	9.585754e+02
-1.005310e+00	-8.796459e-01	1.163578e+05	9.622594e+02	9.622594e+02
-8.796459e-01	-7.539822e-01	1.131273e+05	9.488092e+02	9.488092e+02
-7.539822e-01	-6.283185e-01	1.157136e+05	9.595935e+02	9.595935e+02
-6.283185e-01	-5.026548e-01	1.151088e+05	9.570825e+02	9.570825e+02
-5.026548e-01	-3.769911e-01	1.129523e+05	9.480747e+02	9.480747e+02
-3.769911e-01	-2.513274e-01	1.148780e+05	9.561226e+02	9.561226e+02
-2.513274e-01	-1.256637e-01	1.149178e+05	9.562882e+02	9.562882e+02
-1.256637e-01	4.440892e-16	1.170744e+05	9.652193e+02	9.652193e+02
4.440892e-16	1.256637e-01	1.125703e+05	9.464703e+02	9.464703e+02
1.256637e-01	2.513274e-01	1.167481e+05	9.638734e+02	9.638734e+02
2.513274e-01	3.769911e-01	1.154033e+05	9.583058e+02	9.583058e+02
3.769911e-01	5.026548e-01	1.170426e+05	9.650881e+02	9.650881e+02
5.026548e-01	6.283185e-01	1.139470e+05	9.522402e+02	9.522402e+02
6.283185e-01	7.539822e-01	1.159921e+05	9.607477e+02	9.607477e+02
7.539822e-01	8.796459e-01	1.167879e+05	9.640377e+02	9.640377e+02
8.796459e-01	1.005310e+00	1.164215e+05	9.625226e+02	9.625226e+02
1.005310e+00	1.130973e+00	1.157700e+05	9.598298e+02	9.598298e+02
1.130973e+00	1.256637e+00	1.178062e+05	9.682303e+02	9.682303e+02
1.256637e+00	1.382301e+00	1.142571e+05	9.535338e+02	9.535338e+02
1.382301e+00	1.507964e+00	1.160007e+05	9.607860e+02	9.607860e+02
1.507964e+00	1.633628e+00	1.142650e+05	9.535670e+02	9.535670e+02
1.633628e+00	1.759292e+00	1.121721e+05	9.447939e+02	9.447939e+02
1.759292e+00	1.884956e+00	1.128326e+05	9.475714e+02	9.475714e+02
1.884956e+00	2.010619e+00	1.138999e+05	9.520460e+02	9.520460e+02
2.010619e+00	2.136283e+00	1.189680e+05	9.729930e+02	9.729930e+02
2.136283e+00	2.261947e+00	1.157372e+05	9.596902e+02	9.596902e+02
2.261947e+00	2.387610e+00	1.176878e+05	9.677473e+02	9.677473e+02
2.387610e+00	2.513274e+00	1.162385e+05	9.617665e+02	9.617665e+02
2.513274e+00	2.638938e+00	1.188487e+05	9.725048e+02	9.725048e+02
2.638938e+00	2.764602e+00	1.169070e+05	9.645279e+02	9.645279e+02
2.764602e+00	2.890265e+00	1.165339e+05	9.629915e+02	9.629915e+02
2.890265e+00	3.015929e+00	1.172333e+05	9.658729e+02	9.658729e+02
3.015929e+00	3.141593e+00	1.149733e+05	9.565176e+02	9.565176e+02
# END HISTO1D

# BEGIN HISTO1D //afs/cern.ch/user/d/dsatco/herbvi6500/yoda_files/40TeV_iproc7099_nnpdf30.yoda/MC_SUSY/phi-gamma-iso
ErrorBars=1
LineColor=orange
LineStyle=solid
Path=//afs/cern.ch/user/d/dsatco/herbvi6500/yoda_files/40TeV_iproc7099_nnpdf30.yoda/MC_SUSY/phi-gamma-iso
Title=nnpdf30
XLabel=
YLabel=
# xlow	 xhigh	 val	 errminus	 errplus
-3.141593e+00	-3.015929e+00	1.167638e+05	9.639368e+02	9.639368e+02
-3.015929e+00	-2.890265e+00	1.160316e+05	9.609101e+02	9.609101e+02
-2.890265e+00	-2.764602e+00	1.169238e+05	9.646012e+02	9.646012e+02
-2.764602e+00	-2.638938e+00	1.181325e+05	9.695701e+02	9.695701e+02
-2.638938e+00	-2.513274e+00	1.130395e+05	9.484397e+02	9.484397e+02
-2.513274e+00	-2.387610e+00	1.148300e+05	9.559216e+02	9.559216e+02
-2.387610e+00	-2.261947e+00	1.156347e+05	9.592688e+02	9.592688e+02
-2.261947e+00	-2.136283e+00	1.159680e+05	9.606465e+02	9.606465e+02
-2.136283e+00	-2.010619e+00	1.171457e+05	9.655122e+02	9.655122e+02
-2.010619e+00	-1.884956e+00	1.166214e+05	9.633531e+02	9.633531e+02
-1.884956e+00	-1.759292e+00	1.112570e+05	9.409320e+02	9.409320e+02
-1.759292e+00	-1.633628e+00	1.144481e+05	9.543304e+02	9.543304e+02
-1.633628e+00	-1.507964e+00	1.148459e+05	9.559879e+02	9.559879e+02
-1.507964e+00	-1.382301e+00	1.138044e+05	9.516468e+02	9.516468e+02
-1.382301e+00	-1.256637e+00	1.148937e+05	9.561866e+02	9.561866e+02
-1.256637e+00	-1.130973e+00	1.167638e+05	9.639368e+02	9.639368e+02
-1.130973e+00	-1.005310e+00	1.170193e+05	9.649951e+02	9.649951e+02
-1.005310e+00	-8.796459e-01	1.141535e+05	9.531013e+02	9.531013e+02
-8.796459e-01	-7.539822e-01	1.147109e+05	9.554269e+02	9.554269e+02
-7.539822e-01	-6.283185e-01	1.128249e+05	9.475402e+02	9.475402e+02
-6.283185e-01	-5.026548e-01	1.177587e+05	9.680364e+02	9.680364e+02
-5.026548e-01	-3.769911e-01	1.124430e+05	9.459349e+02	9.459349e+02
-3.769911e-01	-2.513274e-01	1.150929e+05	9.570163e+02	9.570163e+02
-2.513274e-01	-1.256637e-01	1.157295e+05	9.596595e+02	9.596595e+02
-1.256637e-01	4.440892e-16	1.122838e+05	9.452652e+02	9.452652e+02
4.440892e-16	1.256637e-01	1.149895e+05	9.565861e+02	9.565861e+02
1.256637e-01	2.513274e-01	1.153476e+05	9.580745e+02	9.580745e+02
2.513274e-01	3.769911e-01	1.107161e+05	9.386432e+02	9.386432e+02
3.769911e-01	5.026548e-01	1.166685e+05	9.635449e+02	9.635449e+02
5.026548e-01	6.283185e-01	1.147587e+05	9.556258e+02	9.556258e+02
6.283185e-01	7.539822e-01	1.165014e+05	9.628546e+02	9.628546e+02
7.539822e-01	8.796459e-01	1.148860e+05	9.561557e+02	9.561557e+02
8.796459e-01	1.005310e+00	1.158406e+05	9.601182e+02	9.601182e+02
1.005310e+00	1.130973e+00	1.158973e+05	9.603575e+02	9.603575e+02
1.130973e+00	1.256637e+00	1.183473e+05	9.704514e+02	9.704514e+02
1.256637e+00	1.382301e+00	1.152836e+05	9.578078e+02	9.578078e+02
1.382301e+00	1.507964e+00	1.158973e+05	9.603575e+02	9.603575e+02
1.507964e+00	1.633628e+00	1.157850e+05	9.598881e+02	9.598881e+02
1.633628e+00	1.759292e+00	1.156019e+05	9.591291e+02	9.591291e+02
1.759292e+00	1.884956e+00	1.185145e+05	9.711364e+02	9.711364e+02
1.884956e+00	2.010619e+00	1.135338e+05	9.505149e+02	9.505149e+02
2.010619e+00	2.136283e+00	1.157133e+05	9.595912e+02	9.595912e+02
2.136283e+00	2.261947e+00	1.173685e+05	9.664300e+02	9.664300e+02
2.261947e+00	2.387610e+00	1.149742e+05	9.565253e+02	9.565253e+02
2.387610e+00	2.513274e+00	1.176152e+05	9.674451e+02	9.674451e+02
2.513274e+00	2.638938e+00	1.154587e+05	9.585347e+02	9.585347e+02
2.638938e+00	2.764602e+00	1.149016e+05	9.562197e+02	9.562197e+02
2.764602e+00	2.890265e+00	1.145206e+05	9.546366e+02	9.546366e+02
2.890265e+00	3.015929e+00	1.163738e+05	9.623260e+02	9.623260e+02
3.015929e+00	3.141593e+00	1.132703e+05	9.494074e+02	9.494074e+02
# END HISTO1D

