# BEGIN PLOT
RatioPlotYLabel=Ratio
LegendOnly=//afs/cern.ch/user/d/dsatco/herbvi6500/yoda_files/40TeV_iproc7099_20t_ev.yoda/MC_SUSY/phi-trk //afs/cern.ch/user/d/dsatco/herbvi6500/yoda_files/40TeV_iproc7099_ct14nlo.yoda/MC_SUSY/phi-trk //afs/cern.ch/user/d/dsatco/herbvi6500/yoda_files/40TeV_iproc7099_mmht2014.yoda/MC_SUSY/phi-trk //afs/cern.ch/user/d/dsatco/herbvi6500/yoda_files/40TeV_iproc7099_nnpdf30.yoda/MC_SUSY/phi-trk
XLabel=$\phi$
RatioPlotReference=//afs/cern.ch/user/d/dsatco/herbvi6500/yoda_files/40TeV_iproc7099_20t_ev.yoda/MC_SUSY/phi-trk
YLabel=$\mathrm{d}N_\text{ch}/\mathrm{d}\phi$
DrawOnly=//afs/cern.ch/user/d/dsatco/herbvi6500/yoda_files/40TeV_iproc7099_20t_ev.yoda/MC_SUSY/phi-trk //afs/cern.ch/user/d/dsatco/herbvi6500/yoda_files/40TeV_iproc7099_ct14nlo.yoda/MC_SUSY/phi-trk //afs/cern.ch/user/d/dsatco/herbvi6500/yoda_files/40TeV_iproc7099_mmht2014.yoda/MC_SUSY/phi-trk //afs/cern.ch/user/d/dsatco/herbvi6500/yoda_files/40TeV_iproc7099_nnpdf30.yoda/MC_SUSY/phi-trk
RatioPlot=1
Title=$\phi$ distribution for charged tracks
Legend=1
LogY=0
# END PLOT

# BEGIN HISTO1D //afs/cern.ch/user/d/dsatco/herbvi6500/yoda_files/40TeV_iproc7099_20t_ev.yoda/MC_SUSY/phi-trk
ErrorBars=1
LineColor=red
LineStyle=solid
Path=//afs/cern.ch/user/d/dsatco/herbvi6500/yoda_files/40TeV_iproc7099_20t_ev.yoda/MC_SUSY/phi-trk
Title=mstw1998
XLabel=
YLabel=
# xlow	 xhigh	 val	 errminus	 errplus
-3.141593e+00	-3.015929e+00	5.000955e+05	1.994900e+03	1.994900e+03
-3.015929e+00	-2.890265e+00	5.005650e+05	1.995836e+03	1.995836e+03
-2.890265e+00	-2.764602e+00	5.007281e+05	1.996169e+03	1.996169e+03
-2.764602e+00	-2.638938e+00	5.092150e+05	2.013006e+03	2.013006e+03
-2.638938e+00	-2.513274e+00	5.037560e+05	2.002187e+03	2.002187e+03
-2.513274e+00	-2.387610e+00	5.056102e+05	2.005869e+03	2.005869e+03
-2.387610e+00	-2.261947e+00	4.982771e+05	1.991277e+03	1.991277e+03
-2.261947e+00	-2.136283e+00	5.058410e+05	2.006326e+03	2.006326e+03
-2.136283e+00	-2.010619e+00	5.081089e+05	2.010819e+03	2.010819e+03
-2.010619e+00	-1.884956e+00	4.990172e+05	1.992756e+03	1.992756e+03
-1.884956e+00	-1.759292e+00	5.009708e+05	1.996645e+03	1.996645e+03
-1.759292e+00	-1.633628e+00	4.959256e+05	1.986565e+03	1.986565e+03
-1.633628e+00	-1.507964e+00	5.030637e+05	2.000811e+03	2.000811e+03
-1.507964e+00	-1.382301e+00	5.058848e+05	2.006421e+03	2.006421e+03
-1.382301e+00	-1.256637e+00	5.021645e+05	1.999022e+03	1.999022e+03
-1.256637e+00	-1.130973e+00	5.032388e+05	2.001159e+03	2.001159e+03
-1.130973e+00	-1.005310e+00	5.006167e+05	1.995947e+03	1.995947e+03
-1.005310e+00	-8.796459e-01	4.977396e+05	1.990194e+03	1.990194e+03
-8.796459e-01	-7.539822e-01	5.093356e+05	2.013247e+03	2.013247e+03
-7.539822e-01	-6.283185e-01	5.018553e+05	1.998409e+03	1.998409e+03
-6.283185e-01	-5.026548e-01	5.075292e+05	2.009674e+03	2.009674e+03
-5.026548e-01	-3.769911e-01	5.011551e+05	1.997014e+03	1.997014e+03
-3.769911e-01	-2.513274e-01	4.923458e+05	1.979385e+03	1.979385e+03
-2.513274e-01	-1.256637e-01	4.945661e+05	1.983843e+03	1.983843e+03
-1.256637e-01	4.440892e-16	5.011153e+05	1.996935e+03	1.996935e+03
4.440892e-16	1.256637e-01	4.998022e+05	1.994317e+03	1.994317e+03
1.256637e-01	2.513274e-01	4.992850e+05	1.993285e+03	1.993285e+03
2.513274e-01	3.769911e-01	4.985529e+05	1.991823e+03	1.991823e+03
3.769911e-01	5.026548e-01	4.979003e+05	1.990519e+03	1.990519e+03
5.026548e-01	6.283185e-01	4.978685e+05	1.990455e+03	1.990455e+03
6.283185e-01	7.539822e-01	4.957836e+05	1.986283e+03	1.986283e+03
7.539822e-01	8.796459e-01	4.980436e+05	1.990805e+03	1.990805e+03
8.796459e-01	1.005310e+00	4.980579e+05	1.990831e+03	1.990831e+03
1.005310e+00	1.130973e+00	5.051765e+05	2.005016e+03	2.005016e+03
1.130973e+00	1.256637e+00	5.028807e+05	2.000447e+03	2.000447e+03
1.256637e+00	1.382301e+00	5.039709e+05	2.002614e+03	2.002614e+03
1.382301e+00	1.507964e+00	5.007202e+05	1.996153e+03	1.996153e+03
1.507964e+00	1.633628e+00	5.060320e+05	2.006705e+03	2.006705e+03
1.633628e+00	1.759292e+00	5.058648e+05	2.006374e+03	2.006374e+03
1.759292e+00	1.884956e+00	5.015836e+05	1.997865e+03	1.997865e+03
1.884956e+00	2.010619e+00	5.099990e+05	2.014563e+03	2.014563e+03
2.010619e+00	2.136283e+00	5.095015e+05	2.013573e+03	2.013573e+03
2.136283e+00	2.261947e+00	5.158279e+05	2.026035e+03	2.026035e+03
2.261947e+00	2.387610e+00	5.128558e+05	2.020198e+03	2.020198e+03
2.387610e+00	2.513274e+00	4.991963e+05	1.993105e+03	1.993105e+03
2.513274e+00	2.638938e+00	4.951776e+05	1.985067e+03	1.985067e+03
2.638938e+00	2.764602e+00	5.036844e+05	2.002045e+03	2.002045e+03
2.764602e+00	2.890265e+00	5.019377e+05	1.998578e+03	1.998578e+03
2.890265e+00	3.015929e+00	4.985835e+05	1.991882e+03	1.991882e+03
3.015929e+00	3.141593e+00	5.006287e+05	1.995963e+03	1.995963e+03
# END HISTO1D

# BEGIN HISTO1D //afs/cern.ch/user/d/dsatco/herbvi6500/yoda_files/40TeV_iproc7099_ct14nlo.yoda/MC_SUSY/phi-trk
ErrorBars=1
LineColor=blue
LineStyle=solid
Path=//afs/cern.ch/user/d/dsatco/herbvi6500/yoda_files/40TeV_iproc7099_ct14nlo.yoda/MC_SUSY/phi-trk
Title=ct14nlo
XLabel=
YLabel=
# xlow	 xhigh	 val	 errminus	 errplus
-3.141593e+00	-3.015929e+00	5.058091e+05	2.006263e+03	2.006263e+03
-3.015929e+00	-2.890265e+00	4.978116e+05	1.990339e+03	1.990339e+03
-2.890265e+00	-2.764602e+00	5.008395e+05	1.996391e+03	1.996391e+03
-2.764602e+00	-2.638938e+00	5.042017e+05	2.003073e+03	2.003073e+03
-2.638938e+00	-2.513274e+00	4.958859e+05	1.986486e+03	1.986486e+03
-2.513274e+00	-2.387610e+00	4.942466e+05	1.983199e+03	1.983199e+03
-2.387610e+00	-2.261947e+00	5.017706e+05	1.998246e+03	1.998246e+03
-2.261947e+00	-2.136283e+00	4.957108e+05	1.986135e+03	1.986135e+03
-2.136283e+00	-2.010619e+00	4.953606e+05	1.985433e+03	1.985433e+03
-2.010619e+00	-1.884956e+00	5.016672e+05	1.998040e+03	1.998040e+03
-1.884956e+00	-1.759292e+00	5.020531e+05	1.998800e+03	1.998800e+03
-1.759292e+00	-1.633628e+00	4.964031e+05	1.987521e+03	1.987521e+03
-1.633628e+00	-1.507964e+00	4.982652e+05	1.991246e+03	1.991246e+03
-1.507964e+00	-1.382301e+00	5.018263e+05	1.998357e+03	1.998357e+03
-1.382301e+00	-1.256637e+00	4.942704e+05	1.983247e+03	1.983247e+03
-1.256637e+00	-1.130973e+00	4.959813e+05	1.986677e+03	1.986677e+03
-1.130973e+00	-1.005310e+00	4.992559e+05	1.993232e+03	1.993232e+03
-1.005310e+00	-8.796459e-01	5.010102e+05	1.996722e+03	1.996722e+03
-8.796459e-01	-7.539822e-01	4.974945e+05	1.989707e+03	1.989707e+03
-7.539822e-01	-6.283185e-01	5.011073e+05	1.996919e+03	1.996919e+03
-6.283185e-01	-5.026548e-01	5.056273e+05	2.005905e+03	2.005905e+03
-5.026548e-01	-3.769911e-01	4.945024e+05	1.983715e+03	1.983715e+03
-3.769911e-01	-2.513274e-01	4.980356e+05	1.990789e+03	1.990789e+03
-2.513274e-01	-1.256637e-01	5.014654e+05	1.997632e+03	1.997632e+03
-1.256637e-01	4.440892e-16	5.019190e+05	1.998536e+03	1.998536e+03
4.440892e-16	1.256637e-01	5.006617e+05	1.996031e+03	1.996031e+03
1.256637e-01	2.513274e-01	5.010596e+05	1.996824e+03	1.996824e+03
2.513274e-01	3.769911e-01	4.998500e+05	1.994412e+03	1.994412e+03
3.769911e-01	5.026548e-01	5.040994e+05	2.002872e+03	2.002872e+03
5.026548e-01	6.283185e-01	5.038766e+05	2.002429e+03	2.002429e+03
6.283185e-01	7.539822e-01	4.996749e+05	1.994063e+03	1.994063e+03
7.539822e-01	8.796459e-01	5.011312e+05	1.996967e+03	1.996967e+03
8.796459e-01	1.005310e+00	5.004691e+05	1.995644e+03	1.995644e+03
1.005310e+00	1.130973e+00	5.020173e+05	1.998737e+03	1.998737e+03
1.130973e+00	1.256637e+00	5.004456e+05	1.995598e+03	1.995598e+03
1.256637e+00	1.382301e+00	4.940078e+05	1.982720e+03	1.982720e+03
1.382301e+00	1.507964e+00	5.013886e+05	1.997485e+03	1.997485e+03
1.507964e+00	1.633628e+00	5.054829e+05	2.005616e+03	2.005616e+03
1.633628e+00	1.759292e+00	5.006287e+05	1.995963e+03	1.995963e+03
1.759292e+00	1.884956e+00	4.972466e+05	1.989209e+03	1.989209e+03
1.884956e+00	2.010619e+00	4.950065e+05	1.984731e+03	1.984731e+03
2.010619e+00	2.136283e+00	4.947161e+05	1.984141e+03	1.984141e+03
2.136283e+00	2.261947e+00	4.987586e+05	1.992231e+03	1.992231e+03
2.261947e+00	2.387610e+00	5.004576e+05	1.995630e+03	1.995630e+03
2.387610e+00	2.513274e+00	4.989655e+05	1.992644e+03	1.992644e+03
2.513274e+00	2.638938e+00	5.017189e+05	1.998135e+03	1.998135e+03
2.638938e+00	2.764602e+00	4.941431e+05	1.982992e+03	1.982992e+03
2.764602e+00	2.890265e+00	4.991047e+05	1.992930e+03	1.992930e+03
2.890265e+00	3.015929e+00	5.069471e+05	2.008519e+03	2.008519e+03
3.015929e+00	3.141593e+00	5.074723e+05	2.009559e+03	2.009559e+03
# END HISTO1D

# BEGIN HISTO1D //afs/cern.ch/user/d/dsatco/herbvi6500/yoda_files/40TeV_iproc7099_mmht2014.yoda/MC_SUSY/phi-trk
ErrorBars=1
LineColor=green
LineStyle=solid
Path=//afs/cern.ch/user/d/dsatco/herbvi6500/yoda_files/40TeV_iproc7099_mmht2014.yoda/MC_SUSY/phi-trk
Title=mmht2014
XLabel=
YLabel=
# xlow	 xhigh	 val	 errminus	 errplus
-3.141593e+00	-3.015929e+00	4.990212e+05	1.992756e+03	1.992756e+03
-3.015929e+00	-2.890265e+00	5.025226e+05	1.999735e+03	1.999735e+03
-2.890265e+00	-2.764602e+00	5.006963e+05	1.996105e+03	1.996105e+03
-2.764602e+00	-2.638938e+00	4.996737e+05	1.994058e+03	1.994058e+03
-2.638938e+00	-2.513274e+00	4.966578e+05	1.988031e+03	1.988031e+03
-2.513274e+00	-2.387610e+00	4.962201e+05	1.987155e+03	1.987155e+03
-2.387610e+00	-2.261947e+00	4.964230e+05	1.987569e+03	1.987569e+03
-2.261947e+00	-2.136283e+00	4.939680e+05	1.982641e+03	1.982641e+03
-2.136283e+00	-2.010619e+00	4.959734e+05	1.986661e+03	1.986661e+03
-2.010619e+00	-1.884956e+00	4.989536e+05	1.992629e+03	1.992629e+03
-1.884956e+00	-1.759292e+00	5.002626e+05	1.995233e+03	1.995233e+03
-1.759292e+00	-1.633628e+00	4.961803e+05	1.987075e+03	1.987075e+03
-1.633628e+00	-1.507964e+00	4.982891e+05	1.991293e+03	1.991293e+03
-1.507964e+00	-1.382301e+00	5.014682e+05	1.997644e+03	1.997644e+03
-1.382301e+00	-1.256637e+00	4.998488e+05	1.994407e+03	1.994407e+03
-1.256637e+00	-1.130973e+00	5.017905e+05	1.998277e+03	1.998277e+03
-1.130973e+00	-1.005310e+00	5.022322e+05	1.999165e+03	1.999165e+03
-1.005310e+00	-8.796459e-01	5.024745e+05	1.999638e+03	1.999638e+03
-8.796459e-01	-7.539822e-01	4.984574e+05	1.991632e+03	1.991632e+03
-7.539822e-01	-6.283185e-01	4.949162e+05	1.984545e+03	1.984545e+03
-6.283185e-01	-5.026548e-01	5.005184e+05	1.995745e+03	1.995745e+03
-5.026548e-01	-3.769911e-01	4.899665e+05	1.974596e+03	1.974596e+03
-3.769911e-01	-2.513274e-01	4.943273e+05	1.983364e+03	1.983364e+03
-2.513274e-01	-1.256637e-01	5.004070e+05	1.995523e+03	1.995523e+03
-1.256637e-01	4.440892e-16	4.994282e+05	1.993571e+03	1.993571e+03
4.440892e-16	1.256637e-01	4.981709e+05	1.991060e+03	1.991060e+03
1.256637e-01	2.513274e-01	5.024522e+05	1.999597e+03	1.999597e+03
2.513274e-01	3.769911e-01	5.013620e+05	1.997426e+03	1.997426e+03
3.769911e-01	5.026548e-01	4.982584e+05	1.991235e+03	1.991235e+03
5.026548e-01	6.283185e-01	5.040756e+05	2.002825e+03	2.002825e+03
6.283185e-01	7.539822e-01	5.016644e+05	1.998029e+03	1.998029e+03
7.539822e-01	8.796459e-01	5.028739e+05	2.000436e+03	2.000436e+03
8.796459e-01	1.005310e+00	5.048299e+05	2.004319e+03	2.004319e+03
1.005310e+00	1.130973e+00	4.921019e+05	1.978900e+03	1.978900e+03
1.130973e+00	1.256637e+00	4.989337e+05	1.992581e+03	1.992581e+03
1.256637e+00	1.382301e+00	4.986631e+05	1.992041e+03	1.992041e+03
1.382301e+00	1.507964e+00	5.007520e+05	1.996216e+03	1.996216e+03
1.507964e+00	1.633628e+00	4.985517e+05	1.991818e+03	1.991818e+03
1.633628e+00	1.759292e+00	4.950583e+05	1.984827e+03	1.984827e+03
1.759292e+00	1.884956e+00	4.942704e+05	1.983247e+03	1.983247e+03
1.884956e+00	2.010619e+00	4.985079e+05	1.991738e+03	1.991738e+03
2.010619e+00	2.136283e+00	5.070505e+05	2.008724e+03	2.008724e+03
2.136283e+00	2.261947e+00	4.959973e+05	1.986709e+03	1.986709e+03
2.261947e+00	2.387610e+00	5.054073e+05	2.005474e+03	2.005474e+03
2.387610e+00	2.513274e+00	4.958302e+05	1.986374e+03	1.986374e+03
2.513274e+00	2.638938e+00	5.000955e+05	1.994900e+03	1.994900e+03
2.638938e+00	2.764602e+00	5.014483e+05	1.997596e+03	1.997596e+03
2.764602e+00	2.890265e+00	4.998926e+05	1.994503e+03	1.994503e+03
2.890265e+00	3.015929e+00	4.996658e+05	1.994042e+03	1.994042e+03
3.015929e+00	3.141593e+00	5.033900e+05	2.001460e+03	2.001460e+03
# END HISTO1D

# BEGIN HISTO1D //afs/cern.ch/user/d/dsatco/herbvi6500/yoda_files/40TeV_iproc7099_nnpdf30.yoda/MC_SUSY/phi-trk
ErrorBars=1
LineColor=orange
LineStyle=solid
Path=//afs/cern.ch/user/d/dsatco/herbvi6500/yoda_files/40TeV_iproc7099_nnpdf30.yoda/MC_SUSY/phi-trk
Title=nnpdf30
XLabel=
YLabel=
# xlow	 xhigh	 val	 errminus	 errplus
-3.141593e+00	-3.015929e+00	5.003899e+05	1.995487e+03	1.995487e+03
-3.015929e+00	-2.890265e+00	4.959813e+05	1.986677e+03	1.986677e+03
-2.890265e+00	-2.764602e+00	5.115189e+05	2.017563e+03	2.017563e+03
-2.764602e+00	-2.638938e+00	5.068039e+05	2.008235e+03	2.008235e+03
-2.638938e+00	-2.513274e+00	5.047189e+05	2.004100e+03	2.004100e+03
-2.513274e+00	-2.387610e+00	4.967373e+05	1.988190e+03	1.988190e+03
-2.387610e+00	-2.261947e+00	4.906058e+05	1.975889e+03	1.975889e+03
-2.261947e+00	-2.136283e+00	4.917399e+05	1.978164e+03	1.978164e+03
-2.136283e+00	-2.010619e+00	5.020372e+05	1.998769e+03	1.998769e+03
-2.010619e+00	-1.884956e+00	5.041182e+05	2.002915e+03	2.002915e+03
-1.884956e+00	-1.759292e+00	4.927983e+05	1.980292e+03	1.980292e+03
-1.759292e+00	-1.633628e+00	4.963872e+05	1.987490e+03	1.987490e+03
-1.633628e+00	-1.507964e+00	5.061991e+05	2.007036e+03	2.007036e+03
-1.507964e+00	-1.382301e+00	4.983169e+05	1.991357e+03	1.991357e+03
-1.382301e+00	-1.256637e+00	4.996658e+05	1.994042e+03	1.994042e+03
-1.256637e+00	-1.130973e+00	4.959495e+05	1.986613e+03	1.986613e+03
-1.130973e+00	-1.005310e+00	5.027812e+05	2.000257e+03	2.000257e+03
-1.005310e+00	-8.796459e-01	4.979783e+05	1.990672e+03	1.990672e+03
-8.796459e-01	-7.539822e-01	5.015689e+05	1.997838e+03	1.997838e+03
-7.539822e-01	-6.283185e-01	5.035026e+05	2.001686e+03	2.001686e+03
-6.283185e-01	-5.026548e-01	5.092958e+05	2.013169e+03	2.013169e+03
-5.026548e-01	-3.769911e-01	4.986165e+05	1.991950e+03	1.991950e+03
-3.769911e-01	-2.513274e-01	4.943432e+05	1.983396e+03	1.983396e+03
-2.513274e-01	-1.256637e-01	5.000489e+05	1.994809e+03	1.994809e+03
-1.256637e-01	4.440892e-16	5.012585e+05	1.997220e+03	1.997220e+03
4.440892e-16	1.256637e-01	5.022453e+05	1.999185e+03	1.999185e+03
1.256637e-01	2.513274e-01	4.952902e+05	1.985295e+03	1.985295e+03
2.513274e-01	3.769911e-01	4.932371e+05	1.981176e+03	1.981176e+03
3.769911e-01	5.026548e-01	4.956324e+05	1.985980e+03	1.985980e+03
5.026548e-01	6.283185e-01	5.023408e+05	1.999375e+03	1.999375e+03
6.283185e-01	7.539822e-01	5.063594e+05	2.007357e+03	2.007357e+03
7.539822e-01	8.796459e-01	4.986006e+05	1.991918e+03	1.991918e+03
8.796459e-01	1.005310e+00	4.997131e+05	1.994136e+03	1.994136e+03
1.005310e+00	1.130973e+00	4.990093e+05	1.992740e+03	1.992740e+03
1.130973e+00	1.256637e+00	4.960132e+05	1.986741e+03	1.986741e+03
1.256637e+00	1.382301e+00	4.990769e+05	1.992867e+03	1.992867e+03
1.382301e+00	1.507964e+00	4.972665e+05	1.989257e+03	1.989257e+03
1.507964e+00	1.633628e+00	4.985517e+05	1.991818e+03	1.991818e+03
1.633628e+00	1.759292e+00	4.945410e+05	1.983790e+03	1.983790e+03
1.759292e+00	1.884956e+00	5.034059e+05	2.001491e+03	2.001491e+03
1.884956e+00	2.010619e+00	4.982453e+05	1.991214e+03	1.991214e+03
2.010619e+00	2.136283e+00	4.997851e+05	1.994280e+03	1.994280e+03
2.136283e+00	2.261947e+00	5.045120e+05	2.003689e+03	2.003689e+03
2.261947e+00	2.387610e+00	4.992957e+05	1.993312e+03	1.993312e+03
2.387610e+00	2.513274e+00	4.990928e+05	1.992899e+03	1.992899e+03
2.513274e+00	2.638938e+00	5.061911e+05	2.007021e+03	2.007021e+03
2.638938e+00	2.764602e+00	4.964986e+05	1.987713e+03	1.987713e+03
2.764602e+00	2.890265e+00	4.957466e+05	1.986214e+03	1.986214e+03
2.890265e+00	3.015929e+00	4.957506e+05	1.986215e+03	1.986215e+03
3.015929e+00	3.141593e+00	4.921218e+05	1.978932e+03	1.978932e+03
# END HISTO1D

