# BEGIN PLOT
RatioPlotYLabel=Ratio
LegendOnly=//afs/cern.ch/user/d/dsatco/herbvi6500/yoda_files/40TeV_iproc7099_20t_ev.yoda/MC_SUSY/phi-mu //afs/cern.ch/user/d/dsatco/herbvi6500/yoda_files/40TeV_iproc7099_ct14nlo.yoda/MC_SUSY/phi-mu //afs/cern.ch/user/d/dsatco/herbvi6500/yoda_files/40TeV_iproc7099_mmht2014.yoda/MC_SUSY/phi-mu //afs/cern.ch/user/d/dsatco/herbvi6500/yoda_files/40TeV_iproc7099_nnpdf30.yoda/MC_SUSY/phi-mu
XLabel=$\phi$
RatioPlotReference=//afs/cern.ch/user/d/dsatco/herbvi6500/yoda_files/40TeV_iproc7099_20t_ev.yoda/MC_SUSY/phi-mu
YLabel=$\mathrm{d}N_\mu/\mathrm{d}\phi$
DrawOnly=//afs/cern.ch/user/d/dsatco/herbvi6500/yoda_files/40TeV_iproc7099_20t_ev.yoda/MC_SUSY/phi-mu //afs/cern.ch/user/d/dsatco/herbvi6500/yoda_files/40TeV_iproc7099_ct14nlo.yoda/MC_SUSY/phi-mu //afs/cern.ch/user/d/dsatco/herbvi6500/yoda_files/40TeV_iproc7099_mmht2014.yoda/MC_SUSY/phi-mu //afs/cern.ch/user/d/dsatco/herbvi6500/yoda_files/40TeV_iproc7099_nnpdf30.yoda/MC_SUSY/phi-mu
RatioPlot=1
Title=$\phi$ distribution for $\mu^+$, $\mu^-$
Legend=1
LogY=0
# END PLOT

# BEGIN HISTO1D //afs/cern.ch/user/d/dsatco/herbvi6500/yoda_files/40TeV_iproc7099_20t_ev.yoda/MC_SUSY/phi-mu
ErrorBars=1
LineColor=red
LineStyle=solid
Path=//afs/cern.ch/user/d/dsatco/herbvi6500/yoda_files/40TeV_iproc7099_20t_ev.yoda/MC_SUSY/phi-mu
Title=mstw1998
XLabel=
YLabel=
# xlow	 xhigh	 val	 errminus	 errplus
-3.141593e+00	-3.015929e+00	1.476159e+04	3.427371e+02	3.427371e+02
-3.015929e+00	-2.890265e+00	1.517539e+04	3.475077e+02	3.475077e+02
-2.890265e+00	-2.764602e+00	1.554953e+04	3.517668e+02	3.517668e+02
-2.764602e+00	-2.638938e+00	1.648841e+04	3.622296e+02	3.622296e+02
-2.638938e+00	-2.513274e+00	1.578813e+04	3.544541e+02	3.544541e+02
-2.513274e+00	-2.387610e+00	1.595525e+04	3.563250e+02	3.563250e+02
-2.387610e+00	-2.261947e+00	1.602699e+04	3.571267e+02	3.571267e+02
-2.261947e+00	-2.136283e+00	1.604278e+04	3.573011e+02	3.573011e+02
-2.136283e+00	-2.010619e+00	1.611440e+04	3.580978e+02	3.580978e+02
-2.010619e+00	-1.884956e+00	1.621798e+04	3.592483e+02	3.592483e+02
-1.884956e+00	-1.759292e+00	1.580405e+04	3.546327e+02	3.546327e+02
-1.759292e+00	-1.633628e+00	1.581201e+04	3.547219e+02	3.547219e+02
-1.633628e+00	-1.507964e+00	1.613032e+04	3.582746e+02	3.582746e+02
-1.507964e+00	-1.382301e+00	1.599516e+04	3.567719e+02	3.567719e+02
-1.382301e+00	-1.256637e+00	1.598708e+04	3.566803e+02	3.566803e+02
-1.256637e+00	-1.130973e+00	1.585975e+04	3.552571e+02	3.552571e+02
-1.130973e+00	-1.005310e+00	1.656812e+04	3.631056e+02	3.631056e+02
-1.005310e+00	-8.796459e-01	1.623375e+04	3.594213e+02	3.594213e+02
-8.796459e-01	-7.539822e-01	1.617810e+04	3.588053e+02	3.588053e+02
-7.539822e-01	-6.283185e-01	1.597120e+04	3.565035e+02	3.565035e+02
-6.283185e-01	-5.026548e-01	1.585183e+04	3.551688e+02	3.551688e+02
-5.026548e-01	-3.769911e-01	1.644866e+04	3.617932e+02	3.617932e+02
-3.769911e-01	-2.513274e-01	1.595528e+04	3.563259e+02	3.563259e+02
-2.513274e-01	-1.256637e-01	1.607465e+04	3.576563e+02	3.576563e+02
-1.256637e-01	4.440892e-16	1.659986e+04	3.634522e+02	3.634522e+02
4.440892e-16	1.256637e-01	1.597120e+04	3.565035e+02	3.565035e+02
1.256637e-01	2.513274e-01	1.596324e+04	3.564147e+02	3.564147e+02
2.513274e-01	3.769911e-01	1.572451e+04	3.537396e+02	3.537396e+02
3.769911e-01	5.026548e-01	1.557331e+04	3.520348e+02	3.520348e+02
5.026548e-01	6.283185e-01	1.557331e+04	3.520348e+02	3.520348e+02
6.283185e-01	7.539822e-01	1.549373e+04	3.511342e+02	3.511342e+02
7.539822e-01	8.796459e-01	1.585979e+04	3.552580e+02	3.552580e+02
8.796459e-01	1.005310e+00	1.582791e+04	3.549001e+02	3.549001e+02
1.005310e+00	1.130973e+00	1.621002e+04	3.591601e+02	3.591601e+02
1.130973e+00	1.256637e+00	1.605074e+04	3.573897e+02	3.573897e+02
1.256637e+00	1.382301e+00	1.609053e+04	3.578324e+02	3.578324e+02
1.382301e+00	1.507964e+00	1.543812e+04	3.505044e+02	3.505044e+02
1.507964e+00	1.633628e+00	1.581996e+04	3.548112e+02	3.548112e+02
1.633628e+00	1.759292e+00	1.507194e+04	3.463212e+02	3.463212e+02
1.759292e+00	1.884956e+00	1.617010e+04	3.587162e+02	3.587162e+02
1.884956e+00	2.010619e+00	1.613840e+04	3.583658e+02	3.583658e+02
2.010619e+00	2.136283e+00	1.593137e+04	3.560583e+02	3.560583e+02
2.136283e+00	2.261947e+00	1.600299e+04	3.568578e+02	3.568578e+02
2.261947e+00	2.387610e+00	1.575643e+04	3.540994e+02	3.540994e+02
2.387610e+00	2.513274e+00	1.589954e+04	3.557025e+02	3.557025e+02
2.513274e+00	2.638938e+00	1.585180e+04	3.551680e+02	3.551680e+02
2.638938e+00	2.764602e+00	1.593137e+04	3.560583e+02	3.560583e+02
2.764602e+00	2.890265e+00	1.506410e+04	3.462325e+02	3.462325e+02
2.890265e+00	3.015929e+00	1.519130e+04	3.476899e+02	3.476899e+02
3.015929e+00	3.141593e+00	1.562898e+04	3.526630e+02	3.526630e+02
# END HISTO1D

# BEGIN HISTO1D //afs/cern.ch/user/d/dsatco/herbvi6500/yoda_files/40TeV_iproc7099_ct14nlo.yoda/MC_SUSY/phi-mu
ErrorBars=1
LineColor=blue
LineStyle=solid
Path=//afs/cern.ch/user/d/dsatco/herbvi6500/yoda_files/40TeV_iproc7099_ct14nlo.yoda/MC_SUSY/phi-mu
Title=ct14nlo
XLabel=
YLabel=
# xlow	 xhigh	 val	 errminus	 errplus
-3.141593e+00	-3.015929e+00	1.686243e+04	3.663149e+02	3.663149e+02
-3.015929e+00	-2.890265e+00	1.578813e+04	3.544541e+02	3.544541e+02
-2.890265e+00	-2.764602e+00	1.585192e+04	3.551708e+02	3.551708e+02
-2.764602e+00	-2.638938e+00	1.579609e+04	3.545434e+02	3.545434e+02
-2.638938e+00	-2.513274e+00	1.557327e+04	3.520339e+02	3.520339e+02
-2.513274e+00	-2.387610e+00	1.574834e+04	3.540071e+02	3.540071e+02
-2.387610e+00	-2.261947e+00	1.539037e+04	3.499619e+02	3.499619e+02
-2.261947e+00	-2.136283e+00	1.570060e+04	3.534701e+02	3.534701e+02
-2.136283e+00	-2.010619e+00	1.556532e+04	3.519440e+02	3.519440e+02
-2.010619e+00	-1.884956e+00	1.569277e+04	3.533833e+02	3.533833e+02
-1.884956e+00	-1.759292e+00	1.613032e+04	3.582746e+02	3.582746e+02
-1.759292e+00	-1.633628e+00	1.571651e+04	3.536492e+02	3.536492e+02
-1.633628e+00	-1.507964e+00	1.514356e+04	3.471431e+02	3.471431e+02
-1.507964e+00	-1.382301e+00	1.575643e+04	3.540994e+02	3.540994e+02
-1.382301e+00	-1.256637e+00	1.622581e+04	3.593335e+02	3.593335e+02
-1.256637e+00	-1.130973e+00	1.531067e+04	3.490532e+02	3.490532e+02
-1.130973e+00	-1.005310e+00	1.558136e+04	3.521267e+02	3.521267e+02
-1.005310e+00	-8.796459e-01	1.628150e+04	3.599495e+02	3.599495e+02
-8.796459e-01	-7.539822e-01	1.601895e+04	3.570360e+02	3.570360e+02
-7.539822e-01	-6.283185e-01	1.500035e+04	3.454982e+02	3.454982e+02
-6.283185e-01	-5.026548e-01	1.531866e+04	3.491448e+02	3.491448e+02
-5.026548e-01	-3.769911e-01	1.610648e+04	3.580102e+02	3.580102e+02
-3.769911e-01	-2.513274e-01	1.572451e+04	3.537396e+02	3.537396e+02
-2.513274e-01	-1.256637e-01	1.572451e+04	3.537396e+02	3.537396e+02
-1.256637e-01	4.440892e-16	1.575634e+04	3.540974e+02	3.540974e+02
4.440892e-16	1.256637e-01	1.544599e+04	3.505927e+02	3.505927e+02
1.256637e-01	2.513274e-01	1.627359e+04	3.598627e+02	3.598627e+02
2.513274e-01	3.769911e-01	1.586775e+04	3.553471e+02	3.553471e+02
3.769911e-01	5.026548e-01	1.620197e+04	3.590699e+02	3.590699e+02
5.026548e-01	6.283185e-01	1.472183e+04	3.422757e+02	3.422757e+02
6.283185e-01	7.539822e-01	1.584388e+04	3.550797e+02	3.550797e+02
7.539822e-01	8.796459e-01	1.585183e+04	3.551688e+02	3.551688e+02
8.796459e-01	1.005310e+00	1.614622e+04	3.584510e+02	3.584510e+02
1.005310e+00	1.130973e+00	1.596333e+04	3.564167e+02	3.564167e+02
1.130973e+00	1.256637e+00	1.585180e+04	3.551680e+02	3.551680e+02
1.256637e+00	1.382301e+00	1.535842e+04	3.495971e+02	3.495971e+02
1.382301e+00	1.507964e+00	1.574847e+04	3.540100e+02	3.540100e+02
1.507964e+00	1.633628e+00	1.558919e+04	3.522138e+02	3.522138e+02
1.633628e+00	1.759292e+00	1.586771e+04	3.553462e+02	3.553462e+02
1.759292e+00	1.884956e+00	1.571651e+04	3.536492e+02	3.536492e+02
1.884956e+00	2.010619e+00	1.582805e+04	3.549032e+02	3.549032e+02
2.010619e+00	2.136283e+00	1.608257e+04	3.577439e+02	3.577439e+02
2.136283e+00	2.261947e+00	1.544595e+04	3.505919e+02	3.505919e+02
2.261947e+00	2.387610e+00	1.544607e+04	3.505947e+02	3.505947e+02
2.387610e+00	2.513274e+00	1.571651e+04	3.536492e+02	3.536492e+02
2.513274e+00	2.638938e+00	1.619398e+04	3.589809e+02	3.589809e+02
2.638938e+00	2.764602e+00	1.539820e+04	3.500496e+02	3.500496e+02
2.764602e+00	2.890265e+00	1.581213e+04	3.547248e+02	3.547248e+02
2.890265e+00	3.015929e+00	1.553349e+04	3.515839e+02	3.515839e+02
3.015929e+00	3.141593e+00	1.621785e+04	3.592454e+02	3.592454e+02
# END HISTO1D

# BEGIN HISTO1D //afs/cern.ch/user/d/dsatco/herbvi6500/yoda_files/40TeV_iproc7099_mmht2014.yoda/MC_SUSY/phi-mu
ErrorBars=1
LineColor=green
LineStyle=solid
Path=//afs/cern.ch/user/d/dsatco/herbvi6500/yoda_files/40TeV_iproc7099_mmht2014.yoda/MC_SUSY/phi-mu
Title=mmht2014
XLabel=
YLabel=
# xlow	 xhigh	 val	 errminus	 errplus
-3.141593e+00	-3.015929e+00	1.587567e+04	3.554353e+02	3.554353e+02
-3.015929e+00	-2.890265e+00	1.589954e+04	3.557025e+02	3.557025e+02
-2.890265e+00	-2.764602e+00	1.549382e+04	3.511362e+02	3.511362e+02
-2.764602e+00	-2.638938e+00	1.587567e+04	3.554353e+02	3.554353e+02
-2.638938e+00	-2.513274e+00	1.629743e+04	3.601257e+02	3.601257e+02
-2.513274e+00	-2.387610e+00	1.554940e+04	3.517640e+02	3.517640e+02
-2.387610e+00	-2.261947e+00	1.567685e+04	3.532041e+02	3.532041e+02
-2.261947e+00	-2.136283e+00	1.565285e+04	3.529322e+02	3.529322e+02
-2.136283e+00	-2.010619e+00	1.533454e+04	3.493252e+02	3.493252e+02
-2.010619e+00	-1.884956e+00	1.542220e+04	3.503237e+02	3.503237e+02
-1.884956e+00	-1.759292e+00	1.546982e+04	3.508627e+02	3.508627e+02
-1.759292e+00	-1.633628e+00	1.560511e+04	3.523935e+02	3.523935e+02
-1.633628e+00	-1.507964e+00	1.552553e+04	3.514939e+02	3.514939e+02
-1.507964e+00	-1.382301e+00	1.622594e+04	3.593364e+02	3.593364e+02
-1.382301e+00	-1.256637e+00	1.571651e+04	3.536492e+02	3.536492e+02
-1.256637e+00	-1.130973e+00	1.644067e+04	3.617048e+02	3.617048e+02
-1.130973e+00	-1.005310e+00	1.627368e+04	3.598647e+02	3.598647e+02
-1.005310e+00	-8.796459e-01	1.543798e+04	3.505013e+02	3.505013e+02
-8.796459e-01	-7.539822e-01	1.587571e+04	3.554362e+02	3.554362e+02
-7.539822e-01	-6.283185e-01	1.611444e+04	3.580986e+02	3.580986e+02
-6.283185e-01	-5.026548e-01	1.519134e+04	3.476907e+02	3.476907e+02
-5.026548e-01	-3.769911e-01	1.645662e+04	3.618807e+02	3.618807e+02
-3.769911e-01	-2.513274e-01	1.593141e+04	3.560592e+02	3.560592e+02
-2.513274e-01	-1.256637e-01	1.599507e+04	3.567699e+02	3.567699e+02
-1.256637e-01	4.440892e-16	1.554944e+04	3.517648e+02	3.517648e+02
4.440892e-16	1.256637e-01	1.619402e+04	3.589817e+02	3.589817e+02
1.256637e-01	2.513274e-01	1.570859e+04	3.535605e+02	3.535605e+02
2.513274e-01	3.769911e-01	1.581204e+04	3.547228e+02	3.547228e+02
3.769911e-01	5.026548e-01	1.523909e+04	3.482367e+02	3.482367e+02
5.026548e-01	6.283185e-01	1.601099e+04	3.569473e+02	3.569473e+02
6.283185e-01	7.539822e-01	1.585183e+04	3.551688e+02	3.551688e+02
7.539822e-01	8.796459e-01	1.599507e+04	3.567699e+02	3.567699e+02
8.796459e-01	1.005310e+00	1.554143e+04	3.516737e+02	3.516737e+02
1.005310e+00	1.130973e+00	1.598720e+04	3.566831e+02	3.566831e+02
1.130973e+00	1.256637e+00	1.581996e+04	3.548112e+02	3.548112e+02
1.256637e+00	1.382301e+00	1.541412e+04	3.502305e+02	3.502305e+02
1.382301e+00	1.507964e+00	1.590763e+04	3.557943e+02	3.557943e+02
1.507964e+00	1.633628e+00	1.618602e+04	3.588927e+02	3.588927e+02
1.633628e+00	1.759292e+00	1.601891e+04	3.570352e+02	3.570352e+02
1.759292e+00	1.884956e+00	1.607461e+04	3.576554e+02	3.576554e+02
1.884956e+00	2.010619e+00	1.595537e+04	3.563278e+02	3.563278e+02
2.010619e+00	2.136283e+00	1.546187e+04	3.507725e+02	3.507725e+02
2.136283e+00	2.261947e+00	1.635313e+04	3.607406e+02	3.607406e+02
2.261947e+00	2.387610e+00	1.563706e+04	3.527555e+02	3.527555e+02
2.387610e+00	2.513274e+00	1.534250e+04	3.494159e+02	3.494159e+02
2.513274e+00	2.638938e+00	1.539820e+04	3.500496e+02	3.500496e+02
2.638938e+00	2.764602e+00	1.582792e+04	3.549004e+02	3.549004e+02
2.764602e+00	2.890265e+00	1.535058e+04	3.495093e+02	3.495093e+02
2.890265e+00	3.015929e+00	1.585180e+04	3.551680e+02	3.551680e+02
3.015929e+00	3.141593e+00	1.601095e+04	3.569465e+02	3.569465e+02
# END HISTO1D

# BEGIN HISTO1D //afs/cern.ch/user/d/dsatco/herbvi6500/yoda_files/40TeV_iproc7099_nnpdf30.yoda/MC_SUSY/phi-mu
ErrorBars=1
LineColor=orange
LineStyle=solid
Path=//afs/cern.ch/user/d/dsatco/herbvi6500/yoda_files/40TeV_iproc7099_nnpdf30.yoda/MC_SUSY/phi-mu
Title=nnpdf30
XLabel=
YLabel=
# xlow	 xhigh	 val	 errminus	 errplus
-3.141593e+00	-3.015929e+00	1.544595e+04	3.505919e+02	3.505919e+02
-3.015929e+00	-2.890265e+00	1.574039e+04	3.539177e+02	3.539177e+02
-2.890265e+00	-2.764602e+00	1.599516e+04	3.567719e+02	3.567719e+02
-2.764602e+00	-2.638938e+00	1.605870e+04	3.574783e+02	3.574783e+02
-2.638938e+00	-2.513274e+00	1.596320e+04	3.564139e+02	3.564139e+02
-2.513274e+00	-2.387610e+00	1.583588e+04	3.549896e+02	3.549896e+02
-2.387610e+00	-2.261947e+00	1.574051e+04	3.539205e+02	3.539205e+02
-2.261947e+00	-2.136283e+00	1.550166e+04	3.512235e+02	3.512235e+02
-2.136283e+00	-2.010619e+00	1.619398e+04	3.589809e+02	3.589809e+02
-2.010619e+00	-1.884956e+00	1.557340e+04	3.520367e+02	3.520367e+02
-1.884956e+00	-1.759292e+00	1.590750e+04	3.557915e+02	3.557915e+02
-1.759292e+00	-1.633628e+00	1.551757e+04	3.514038e+02	3.514038e+02
-1.633628e+00	-1.507964e+00	1.536637e+04	3.496876e+02	3.496876e+02
-1.507964e+00	-1.382301e+00	1.612249e+04	3.581890e+02	3.581890e+02
-1.382301e+00	-1.256637e+00	1.618602e+04	3.588927e+02	3.588927e+02
-1.256637e+00	-1.130973e+00	1.598708e+04	3.566803e+02	3.566803e+02
-1.130973e+00	-1.005310e+00	1.527896e+04	3.486930e+02	3.486930e+02
-1.005310e+00	-8.796459e-01	1.553347e+04	3.515837e+02	3.515837e+02
-8.796459e-01	-7.539822e-01	1.544599e+04	3.505927e+02	3.505927e+02
-7.539822e-01	-6.283185e-01	1.658395e+04	3.632779e+02	3.632779e+02
-6.283185e-01	-5.026548e-01	1.616219e+04	3.586288e+02	3.586288e+02
-5.026548e-01	-3.769911e-01	1.587571e+04	3.554362e+02	3.554362e+02
-3.769911e-01	-2.513274e-01	1.580409e+04	3.546335e+02	3.546335e+02
-2.513274e-01	-1.256637e-01	1.532662e+04	3.492354e+02	3.492354e+02
-1.256637e-01	4.440892e-16	1.596324e+04	3.564147e+02	3.564147e+02
4.440892e-16	1.256637e-01	1.609852e+04	3.579218e+02	3.579218e+02
1.256637e-01	2.513274e-01	1.537437e+04	3.497790e+02	3.497790e+02
2.513274e-01	3.769911e-01	1.541416e+04	3.502313e+02	3.502313e+02
3.769911e-01	5.026548e-01	1.562106e+04	3.525740e+02	3.525740e+02
5.026548e-01	6.283185e-01	1.552557e+04	3.514947e+02	3.514947e+02
6.283185e-01	7.539822e-01	1.576430e+04	3.541868e+02	3.541868e+02
7.539822e-01	8.796459e-01	1.608261e+04	3.577448e+02	3.577448e+02
8.796459e-01	1.005310e+00	1.570854e+04	3.535594e+02	3.535594e+02
1.005310e+00	1.130973e+00	1.601108e+04	3.569493e+02	3.569493e+02
1.130973e+00	1.256637e+00	1.586771e+04	3.553462e+02	3.553462e+02
1.256637e+00	1.382301e+00	1.575630e+04	3.540966e+02	3.540966e+02
1.382301e+00	1.507964e+00	1.533466e+04	3.493280e+02	3.493280e+02
1.507964e+00	1.633628e+00	1.589158e+04	3.556134e+02	3.556134e+02
1.633628e+00	1.759292e+00	1.570856e+04	3.535596e+02	3.535596e+02
1.759292e+00	1.884956e+00	1.590750e+04	3.557915e+02	3.557915e+02
1.884956e+00	2.010619e+00	1.541424e+04	3.502333e+02	3.502333e+02
2.010619e+00	2.136283e+00	1.569264e+04	3.533805e+02	3.533805e+02
2.136283e+00	2.261947e+00	1.567673e+04	3.532013e+02	3.532013e+02
2.261947e+00	2.387610e+00	1.600312e+04	3.568606e+02	3.568606e+02
2.387610e+00	2.513274e+00	1.597116e+04	3.565027e+02	3.565027e+02
2.513274e+00	2.638938e+00	1.629743e+04	3.601257e+02	3.601257e+02
2.638938e+00	2.764602e+00	1.534250e+04	3.494159e+02	3.494159e+02
2.764602e+00	2.890265e+00	1.566093e+04	3.530247e+02	3.530247e+02
2.890265e+00	3.015929e+00	1.519130e+04	3.476899e+02	3.476899e+02
3.015929e+00	3.141593e+00	1.582792e+04	3.549004e+02	3.549004e+02
# END HISTO1D

