# BEGIN PLOT
RatioPlotYLabel=Ratio
LegendOnly=//afs/cern.ch/user/d/dsatco/herbvi6500/yoda_files/40TeV_iproc7099_20t_ev.yoda/MC_SUSY/pt-jet //afs/cern.ch/user/d/dsatco/herbvi6500/yoda_files/40TeV_iproc7099_ct14nlo.yoda/MC_SUSY/pt-jet //afs/cern.ch/user/d/dsatco/herbvi6500/yoda_files/40TeV_iproc7099_mmht2014.yoda/MC_SUSY/pt-jet //afs/cern.ch/user/d/dsatco/herbvi6500/yoda_files/40TeV_iproc7099_nnpdf30.yoda/MC_SUSY/pt-jet
XLabel=$p_\perp$
RatioPlotReference=//afs/cern.ch/user/d/dsatco/herbvi6500/yoda_files/40TeV_iproc7099_20t_ev.yoda/MC_SUSY/pt-jet
YLabel=$\mathrm{d}N_\text{jet}/\mathrm{d}p_\perp$
DrawOnly=//afs/cern.ch/user/d/dsatco/herbvi6500/yoda_files/40TeV_iproc7099_20t_ev.yoda/MC_SUSY/pt-jet //afs/cern.ch/user/d/dsatco/herbvi6500/yoda_files/40TeV_iproc7099_ct14nlo.yoda/MC_SUSY/pt-jet //afs/cern.ch/user/d/dsatco/herbvi6500/yoda_files/40TeV_iproc7099_mmht2014.yoda/MC_SUSY/pt-jet //afs/cern.ch/user/d/dsatco/herbvi6500/yoda_files/40TeV_iproc7099_nnpdf30.yoda/MC_SUSY/pt-jet
RatioPlot=1
Title=$p_\perp$ distribution for $R=0.7$ anti-$k_\perp$ jets
Legend=1
LogY=1
# END PLOT

# BEGIN HISTO1D //afs/cern.ch/user/d/dsatco/herbvi6500/yoda_files/40TeV_iproc7099_20t_ev.yoda/MC_SUSY/pt-jet
ErrorBars=1
LineColor=red
LineStyle=solid
Path=//afs/cern.ch/user/d/dsatco/herbvi6500/yoda_files/40TeV_iproc7099_20t_ev.yoda/MC_SUSY/pt-jet
Title=mstw1998
XLabel=
YLabel=
# xlow	 xhigh	 val	 errminus	 errplus
0.000000e+00	1.500000e+01	1.108200e+03	8.595348e+00	8.595348e+00
1.500000e+01	3.000000e+01	1.394933e+03	9.643420e+00	9.643420e+00
3.000000e+01	4.500000e+01	1.046067e+03	8.350915e+00	8.350915e+00
4.500000e+01	6.000000e+01	8.642000e+02	7.590345e+00	7.590345e+00
6.000000e+01	7.500000e+01	7.276000e+02	6.964673e+00	6.964673e+00
7.500000e+01	9.000000e+01	6.370667e+02	6.516986e+00	6.516986e+00
9.000000e+01	1.050000e+02	5.715333e+02	6.172700e+00	6.172700e+00
1.050000e+02	1.200000e+02	5.138000e+02	5.852635e+00	5.852635e+00
1.200000e+02	1.350000e+02	4.710667e+02	5.603967e+00	5.603967e+00
1.350000e+02	1.500000e+02	4.272000e+02	5.336666e+00	5.336666e+00
1.500000e+02	1.650000e+02	3.992667e+02	5.159242e+00	5.159242e+00
1.650000e+02	1.800000e+02	3.741333e+02	4.994219e+00	4.994219e+00
1.800000e+02	1.950000e+02	3.526000e+02	4.848367e+00	4.848367e+00
1.950000e+02	2.100000e+02	3.428000e+02	4.780516e+00	4.780516e+00
2.100000e+02	2.250000e+02	3.282000e+02	4.677606e+00	4.677606e+00
2.250000e+02	2.400000e+02	3.064000e+02	4.519587e+00	4.519587e+00
2.400000e+02	2.550000e+02	2.939333e+02	4.426687e+00	4.426687e+00
2.550000e+02	2.700000e+02	2.838667e+02	4.350223e+00	4.350223e+00
2.700000e+02	2.850000e+02	2.742000e+02	4.275512e+00	4.275512e+00
2.850000e+02	3.000000e+02	2.647333e+02	4.201058e+00	4.201058e+00
3.000000e+02	3.150000e+02	2.583333e+02	4.149967e+00	4.149967e+00
3.150000e+02	3.300000e+02	2.476000e+02	4.062840e+00	4.062840e+00
3.300000e+02	3.450000e+02	2.363333e+02	3.969327e+00	3.969327e+00
3.450000e+02	3.600000e+02	2.232000e+02	3.857460e+00	3.857460e+00
3.600000e+02	3.750000e+02	2.166000e+02	3.800000e+00	3.800000e+00
3.750000e+02	3.900000e+02	2.097333e+02	3.739281e+00	3.739281e+00
3.900000e+02	4.050000e+02	2.098667e+02	3.740469e+00	3.740469e+00
4.050000e+02	4.200000e+02	2.016667e+02	3.666667e+00	3.666667e+00
4.200000e+02	4.350000e+02	1.938000e+02	3.594440e+00	3.594440e+00
4.350000e+02	4.500000e+02	1.860000e+02	3.521363e+00	3.521363e+00
4.500000e+02	4.650000e+02	1.758000e+02	3.423449e+00	3.423449e+00
4.650000e+02	4.800000e+02	1.793333e+02	3.457681e+00	3.457681e+00
4.800000e+02	4.950000e+02	1.734667e+02	3.400654e+00	3.400654e+00
4.950000e+02	5.100000e+02	1.680000e+02	3.346640e+00	3.346640e+00
5.100000e+02	5.250000e+02	1.632000e+02	3.298485e+00	3.298485e+00
5.250000e+02	5.400000e+02	1.581333e+02	3.246879e+00	3.246879e+00
5.400000e+02	5.550000e+02	1.620000e+02	3.286335e+00	3.286335e+00
5.550000e+02	5.700000e+02	1.536667e+02	3.200694e+00	3.200694e+00
5.700000e+02	5.850000e+02	1.517333e+02	3.180496e+00	3.180496e+00
5.850000e+02	6.000000e+02	1.438667e+02	3.096952e+00	3.096952e+00
6.000000e+02	6.150000e+02	1.434000e+02	3.091925e+00	3.091925e+00
6.150000e+02	6.300000e+02	1.426000e+02	3.083288e+00	3.083288e+00
6.300000e+02	6.450000e+02	1.370667e+02	3.022876e+00	3.022876e+00
6.450000e+02	6.600000e+02	1.376667e+02	3.029485e+00	3.029485e+00
6.600000e+02	6.750000e+02	1.352000e+02	3.002221e+00	3.002221e+00
6.750000e+02	6.900000e+02	1.281333e+02	2.922708e+00	2.922708e+00
6.900000e+02	7.050000e+02	1.304000e+02	2.948446e+00	2.948446e+00
7.050000e+02	7.200000e+02	1.279333e+02	2.920426e+00	2.920426e+00
7.200000e+02	7.350000e+02	1.266667e+02	2.905933e+00	2.905933e+00
7.350000e+02	7.500000e+02	1.197333e+02	2.825283e+00	2.825283e+00
7.500000e+02	7.650000e+02	1.249333e+02	2.885981e+00	2.885981e+00
7.650000e+02	7.800000e+02	1.174000e+02	2.797618e+00	2.797618e+00
7.800000e+02	7.950000e+02	1.154667e+02	2.774487e+00	2.774487e+00
7.950000e+02	8.100000e+02	1.090667e+02	2.696500e+00	2.696500e+00
8.100000e+02	8.250000e+02	1.088000e+02	2.693201e+00	2.693201e+00
8.250000e+02	8.400000e+02	1.132000e+02	2.747120e+00	2.747120e+00
8.400000e+02	8.550000e+02	1.058667e+02	2.656648e+00	2.656648e+00
8.550000e+02	8.700000e+02	1.052000e+02	2.648270e+00	2.648270e+00
8.700000e+02	8.850000e+02	1.030000e+02	2.620433e+00	2.620433e+00
8.850000e+02	9.000000e+02	1.054000e+02	2.650786e+00	2.650786e+00
9.000000e+02	9.150000e+02	1.010000e+02	2.594867e+00	2.594867e+00
9.150000e+02	9.300000e+02	9.726667e+01	2.546457e+00	2.546457e+00
9.300000e+02	9.450000e+02	9.586667e+01	2.528065e+00	2.528065e+00
9.450000e+02	9.600000e+02	9.473333e+01	2.513077e+00	2.513077e+00
9.600000e+02	9.750000e+02	9.326667e+01	2.493547e+00	2.493547e+00
9.750000e+02	9.900000e+02	9.426667e+01	2.506879e+00	2.506879e+00
9.900000e+02	1.005000e+03	9.000000e+01	2.449490e+00	2.449490e+00
1.005000e+03	1.020000e+03	8.880000e+01	2.433105e+00	2.433105e+00
1.020000e+03	1.035000e+03	9.053333e+01	2.456737e+00	2.456737e+00
1.035000e+03	1.050000e+03	8.880000e+01	2.433105e+00	2.433105e+00
1.050000e+03	1.065000e+03	8.840000e+01	2.427619e+00	2.427619e+00
1.065000e+03	1.080000e+03	8.340000e+01	2.357965e+00	2.357965e+00
1.080000e+03	1.095000e+03	8.346667e+01	2.358907e+00	2.358907e+00
1.095000e+03	1.110000e+03	8.360000e+01	2.360791e+00	2.360791e+00
1.110000e+03	1.125000e+03	7.733333e+01	2.270585e+00	2.270585e+00
1.125000e+03	1.140000e+03	8.000000e+01	2.309401e+00	2.309401e+00
1.140000e+03	1.155000e+03	8.500000e+01	2.380476e+00	2.380476e+00
1.155000e+03	1.170000e+03	7.746667e+01	2.272541e+00	2.272541e+00
1.170000e+03	1.185000e+03	7.173333e+01	2.186829e+00	2.186829e+00
1.185000e+03	1.200000e+03	7.526667e+01	2.240040e+00	2.240040e+00
1.200000e+03	1.215000e+03	7.640000e+01	2.256841e+00	2.256841e+00
1.215000e+03	1.230000e+03	7.386667e+01	2.219109e+00	2.219109e+00
1.230000e+03	1.245000e+03	7.026667e+01	2.164358e+00	2.164358e+00
1.245000e+03	1.260000e+03	7.060000e+01	2.169485e+00	2.169485e+00
1.260000e+03	1.275000e+03	6.973333e+01	2.156128e+00	2.156128e+00
1.275000e+03	1.290000e+03	7.060000e+01	2.169485e+00	2.169485e+00
1.290000e+03	1.305000e+03	7.146667e+01	2.182761e+00	2.182761e+00
1.305000e+03	1.320000e+03	6.946667e+01	2.152002e+00	2.152002e+00
1.320000e+03	1.335000e+03	6.933333e+01	2.149935e+00	2.149935e+00
1.335000e+03	1.350000e+03	7.006667e+01	2.161275e+00	2.161275e+00
1.350000e+03	1.365000e+03	6.793333e+01	2.128119e+00	2.128119e+00
1.365000e+03	1.380000e+03	6.800000e+01	2.129163e+00	2.129163e+00
1.380000e+03	1.395000e+03	6.373333e+01	2.061283e+00	2.061283e+00
1.395000e+03	1.410000e+03	6.300000e+01	2.049390e+00	2.049390e+00
1.410000e+03	1.425000e+03	6.213333e+01	2.035245e+00	2.035245e+00
1.425000e+03	1.440000e+03	6.166667e+01	2.027588e+00	2.027588e+00
1.440000e+03	1.455000e+03	6.033333e+01	2.005548e+00	2.005548e+00
1.455000e+03	1.470000e+03	6.133333e+01	2.022100e+00	2.022100e+00
1.470000e+03	1.485000e+03	5.880000e+01	1.979899e+00	1.979899e+00
1.485000e+03	1.500000e+03	5.853333e+01	1.975404e+00	1.975404e+00
# END HISTO1D

# BEGIN HISTO1D //afs/cern.ch/user/d/dsatco/herbvi6500/yoda_files/40TeV_iproc7099_ct14nlo.yoda/MC_SUSY/pt-jet
ErrorBars=1
LineColor=blue
LineStyle=solid
Path=//afs/cern.ch/user/d/dsatco/herbvi6500/yoda_files/40TeV_iproc7099_ct14nlo.yoda/MC_SUSY/pt-jet
Title=ct14nlo
XLabel=
YLabel=
# xlow	 xhigh	 val	 errminus	 errplus
0.000000e+00	1.500000e+01	1.126867e+03	8.667436e+00	8.667436e+00
1.500000e+01	3.000000e+01	1.407733e+03	9.687564e+00	9.687564e+00
3.000000e+01	4.500000e+01	1.046400e+03	8.352245e+00	8.352245e+00
4.500000e+01	6.000000e+01	8.723333e+02	7.625979e+00	7.625979e+00
6.000000e+01	7.500000e+01	7.222000e+02	6.938780e+00	6.938780e+00
7.500000e+01	9.000000e+01	6.342667e+02	6.502649e+00	6.502649e+00
9.000000e+01	1.050000e+02	5.669333e+02	6.147809e+00	6.147809e+00
1.050000e+02	1.200000e+02	5.138667e+02	5.853014e+00	5.853014e+00
1.200000e+02	1.350000e+02	4.694000e+02	5.594044e+00	5.594044e+00
1.350000e+02	1.500000e+02	4.263333e+02	5.331250e+00	5.331250e+00
1.500000e+02	1.650000e+02	3.942000e+02	5.126402e+00	5.126402e+00
1.650000e+02	1.800000e+02	3.792667e+02	5.028364e+00	5.028364e+00
1.800000e+02	1.950000e+02	3.621333e+02	4.913474e+00	4.913474e+00
1.950000e+02	2.100000e+02	3.366000e+02	4.737088e+00	4.737088e+00
2.100000e+02	2.250000e+02	3.181333e+02	4.605311e+00	4.605311e+00
2.250000e+02	2.400000e+02	3.087333e+02	4.536763e+00	4.536763e+00
2.400000e+02	2.550000e+02	2.925333e+02	4.416132e+00	4.416132e+00
2.550000e+02	2.700000e+02	2.777333e+02	4.302971e+00	4.302971e+00
2.700000e+02	2.850000e+02	2.678000e+02	4.225321e+00	4.225321e+00
2.850000e+02	3.000000e+02	2.520000e+02	4.098780e+00	4.098780e+00
3.000000e+02	3.150000e+02	2.534000e+02	4.110150e+00	4.110150e+00
3.150000e+02	3.300000e+02	2.434000e+02	4.028234e+00	4.028234e+00
3.300000e+02	3.450000e+02	2.352000e+02	3.959798e+00	3.959798e+00
3.450000e+02	3.600000e+02	2.308667e+02	3.923151e+00	3.923151e+00
3.600000e+02	3.750000e+02	2.190667e+02	3.821576e+00	3.821576e+00
3.750000e+02	3.900000e+02	2.118000e+02	3.757659e+00	3.757659e+00
3.900000e+02	4.050000e+02	2.046667e+02	3.693839e+00	3.693839e+00
4.050000e+02	4.200000e+02	2.032000e+02	3.680580e+00	3.680580e+00
4.200000e+02	4.350000e+02	1.876000e+02	3.536477e+00	3.536477e+00
4.350000e+02	4.500000e+02	1.946000e+02	3.601851e+00	3.601851e+00
4.500000e+02	4.650000e+02	1.800000e+02	3.464102e+00	3.464102e+00
4.650000e+02	4.800000e+02	1.764000e+02	3.429286e+00	3.429286e+00
4.800000e+02	4.950000e+02	1.706000e+02	3.372437e+00	3.372437e+00
4.950000e+02	5.100000e+02	1.686000e+02	3.352611e+00	3.352611e+00
5.100000e+02	5.250000e+02	1.618667e+02	3.284983e+00	3.284983e+00
5.250000e+02	5.400000e+02	1.605333e+02	3.271425e+00	3.271425e+00
5.400000e+02	5.550000e+02	1.616000e+02	3.282276e+00	3.282276e+00
5.550000e+02	5.700000e+02	1.585333e+02	3.250983e+00	3.250983e+00
5.700000e+02	5.850000e+02	1.545333e+02	3.209707e+00	3.209707e+00
5.850000e+02	6.000000e+02	1.434000e+02	3.091925e+00	3.091925e+00
6.000000e+02	6.150000e+02	1.426000e+02	3.083288e+00	3.083288e+00
6.150000e+02	6.300000e+02	1.424667e+02	3.081846e+00	3.081846e+00
6.300000e+02	6.450000e+02	1.424000e+02	3.081125e+00	3.081125e+00
6.450000e+02	6.600000e+02	1.387333e+02	3.041199e+00	3.041199e+00
6.600000e+02	6.750000e+02	1.350000e+02	3.000000e+00	3.000000e+00
6.750000e+02	6.900000e+02	1.356000e+02	3.006659e+00	3.006659e+00
6.900000e+02	7.050000e+02	1.246000e+02	2.882129e+00	2.882129e+00
7.050000e+02	7.200000e+02	1.259333e+02	2.897509e+00	2.897509e+00
7.200000e+02	7.350000e+02	1.231333e+02	2.865116e+00	2.865116e+00
7.350000e+02	7.500000e+02	1.175333e+02	2.799206e+00	2.799206e+00
7.500000e+02	7.650000e+02	1.192000e+02	2.818983e+00	2.818983e+00
7.650000e+02	7.800000e+02	1.180000e+02	2.804758e+00	2.804758e+00
7.800000e+02	7.950000e+02	1.164000e+02	2.785678e+00	2.785678e+00
7.950000e+02	8.100000e+02	1.089333e+02	2.694851e+00	2.694851e+00
8.100000e+02	8.250000e+02	1.122000e+02	2.734959e+00	2.734959e+00
8.250000e+02	8.400000e+02	1.116667e+02	2.728451e+00	2.728451e+00
8.400000e+02	8.550000e+02	1.060667e+02	2.659156e+00	2.659156e+00
8.550000e+02	8.700000e+02	1.044667e+02	2.639023e+00	2.639023e+00
8.700000e+02	8.850000e+02	1.010667e+02	2.595723e+00	2.595723e+00
8.850000e+02	9.000000e+02	9.986667e+01	2.580267e+00	2.580267e+00
9.000000e+02	9.150000e+02	1.032000e+02	2.622975e+00	2.622975e+00
9.150000e+02	9.300000e+02	9.986667e+01	2.580267e+00	2.580267e+00
9.300000e+02	9.450000e+02	9.353333e+01	2.497109e+00	2.497109e+00
9.450000e+02	9.600000e+02	9.946667e+01	2.575094e+00	2.575094e+00
9.600000e+02	9.750000e+02	9.740000e+01	2.548202e+00	2.548202e+00
9.750000e+02	9.900000e+02	9.026667e+01	2.453116e+00	2.453116e+00
9.900000e+02	1.005000e+03	8.873333e+01	2.432192e+00	2.432192e+00
1.005000e+03	1.020000e+03	9.380000e+01	2.500667e+00	2.500667e+00
1.020000e+03	1.035000e+03	8.673333e+01	2.404625e+00	2.404625e+00
1.035000e+03	1.050000e+03	8.853333e+01	2.429449e+00	2.429449e+00
1.050000e+03	1.065000e+03	8.333333e+01	2.357023e+00	2.357023e+00
1.065000e+03	1.080000e+03	8.686667e+01	2.406473e+00	2.406473e+00
1.080000e+03	1.095000e+03	8.720000e+01	2.411086e+00	2.411086e+00
1.095000e+03	1.110000e+03	8.220000e+01	2.340940e+00	2.340940e+00
1.110000e+03	1.125000e+03	7.800000e+01	2.280351e+00	2.280351e+00
1.125000e+03	1.140000e+03	8.293333e+01	2.351359e+00	2.351359e+00
1.140000e+03	1.155000e+03	7.873333e+01	2.291045e+00	2.291045e+00
1.155000e+03	1.170000e+03	8.013333e+01	2.311325e+00	2.311325e+00
1.170000e+03	1.185000e+03	7.206667e+01	2.191904e+00	2.191904e+00
1.185000e+03	1.200000e+03	7.826667e+01	2.284246e+00	2.284246e+00
1.200000e+03	1.215000e+03	7.806667e+01	2.281325e+00	2.281325e+00
1.215000e+03	1.230000e+03	7.146667e+01	2.182761e+00	2.182761e+00
1.230000e+03	1.245000e+03	7.540000e+01	2.242023e+00	2.242023e+00
1.245000e+03	1.260000e+03	7.313333e+01	2.208066e+00	2.208066e+00
1.260000e+03	1.275000e+03	7.346667e+01	2.213092e+00	2.213092e+00
1.275000e+03	1.290000e+03	7.393333e+01	2.220110e+00	2.220110e+00
1.290000e+03	1.305000e+03	6.906667e+01	2.145797e+00	2.145797e+00
1.305000e+03	1.320000e+03	6.613333e+01	2.099735e+00	2.099735e+00
1.320000e+03	1.335000e+03	6.960000e+01	2.154066e+00	2.154066e+00
1.335000e+03	1.350000e+03	6.653333e+01	2.106076e+00	2.106076e+00
1.350000e+03	1.365000e+03	6.766667e+01	2.123938e+00	2.123938e+00
1.365000e+03	1.380000e+03	6.520000e+01	2.084866e+00	2.084866e+00
1.380000e+03	1.395000e+03	6.393333e+01	2.064515e+00	2.064515e+00
1.395000e+03	1.410000e+03	6.473333e+01	2.077392e+00	2.077392e+00
1.410000e+03	1.425000e+03	6.226667e+01	2.037428e+00	2.037428e+00
1.425000e+03	1.440000e+03	6.293333e+01	2.048306e+00	2.048306e+00
1.440000e+03	1.455000e+03	6.253333e+01	2.041786e+00	2.041786e+00
1.455000e+03	1.470000e+03	6.220000e+01	2.036337e+00	2.036337e+00
1.470000e+03	1.485000e+03	5.873333e+01	1.978776e+00	1.978776e+00
1.485000e+03	1.500000e+03	6.053333e+01	2.008869e+00	2.008869e+00
# END HISTO1D

# BEGIN HISTO1D //afs/cern.ch/user/d/dsatco/herbvi6500/yoda_files/40TeV_iproc7099_mmht2014.yoda/MC_SUSY/pt-jet
ErrorBars=1
LineColor=green
LineStyle=solid
Path=//afs/cern.ch/user/d/dsatco/herbvi6500/yoda_files/40TeV_iproc7099_mmht2014.yoda/MC_SUSY/pt-jet
Title=mmht2014
XLabel=
YLabel=
# xlow	 xhigh	 val	 errminus	 errplus
0.000000e+00	1.500000e+01	1.108267e+03	8.595606e+00	8.595606e+00
1.500000e+01	3.000000e+01	1.381200e+03	9.595832e+00	9.595832e+00
3.000000e+01	4.500000e+01	1.054000e+03	8.382521e+00	8.382521e+00
4.500000e+01	6.000000e+01	8.659333e+02	7.597953e+00	7.597953e+00
6.000000e+01	7.500000e+01	7.395333e+02	7.021554e+00	7.021554e+00
7.500000e+01	9.000000e+01	6.382000e+02	6.522781e+00	6.522781e+00
9.000000e+01	1.050000e+02	5.665333e+02	6.145640e+00	6.145640e+00
1.050000e+02	1.200000e+02	5.068000e+02	5.812630e+00	5.812630e+00
1.200000e+02	1.350000e+02	4.600667e+02	5.538151e+00	5.538151e+00
1.350000e+02	1.500000e+02	4.348667e+02	5.384339e+00	5.384339e+00
1.500000e+02	1.650000e+02	4.034000e+02	5.185878e+00	5.185878e+00
1.650000e+02	1.800000e+02	3.792667e+02	5.028364e+00	5.028364e+00
1.800000e+02	1.950000e+02	3.546667e+02	4.862555e+00	4.862555e+00
1.950000e+02	2.100000e+02	3.365333e+02	4.736619e+00	4.736619e+00
2.100000e+02	2.250000e+02	3.202667e+02	4.620726e+00	4.620726e+00
2.250000e+02	2.400000e+02	3.020667e+02	4.487514e+00	4.487514e+00
2.400000e+02	2.550000e+02	2.996667e+02	4.469651e+00	4.469651e+00
2.550000e+02	2.700000e+02	2.898000e+02	4.395452e+00	4.395452e+00
2.700000e+02	2.850000e+02	2.694667e+02	4.238448e+00	4.238448e+00
2.850000e+02	3.000000e+02	2.628667e+02	4.186221e+00	4.186221e+00
3.000000e+02	3.150000e+02	2.584000e+02	4.150502e+00	4.150502e+00
3.150000e+02	3.300000e+02	2.410000e+02	4.008325e+00	4.008325e+00
3.300000e+02	3.450000e+02	2.354667e+02	3.962042e+00	3.962042e+00
3.450000e+02	3.600000e+02	2.241333e+02	3.865517e+00	3.865517e+00
3.600000e+02	3.750000e+02	2.222000e+02	3.848809e+00	3.848809e+00
3.750000e+02	3.900000e+02	2.151333e+02	3.787113e+00	3.787113e+00
3.900000e+02	4.050000e+02	2.047333e+02	3.694440e+00	3.694440e+00
4.050000e+02	4.200000e+02	2.008667e+02	3.659387e+00	3.659387e+00
4.200000e+02	4.350000e+02	1.974000e+02	3.627671e+00	3.627671e+00
4.350000e+02	4.500000e+02	1.932000e+02	3.588872e+00	3.588872e+00
4.500000e+02	4.650000e+02	1.853333e+02	3.515047e+00	3.515047e+00
4.650000e+02	4.800000e+02	1.817333e+02	3.480741e+00	3.480741e+00
4.800000e+02	4.950000e+02	1.760000e+02	3.425395e+00	3.425395e+00
4.950000e+02	5.100000e+02	1.720000e+02	3.386247e+00	3.386247e+00
5.100000e+02	5.250000e+02	1.666667e+02	3.333333e+00	3.333333e+00
5.250000e+02	5.400000e+02	1.612000e+02	3.278211e+00	3.278211e+00
5.400000e+02	5.550000e+02	1.593333e+02	3.259175e+00	3.259175e+00
5.550000e+02	5.700000e+02	1.548000e+02	3.212476e+00	3.212476e+00
5.700000e+02	5.850000e+02	1.542000e+02	3.206244e+00	3.206244e+00
5.850000e+02	6.000000e+02	1.459333e+02	3.119117e+00	3.119117e+00
6.000000e+02	6.150000e+02	1.407333e+02	3.063041e+00	3.063041e+00
6.150000e+02	6.300000e+02	1.346667e+02	2.996294e+00	2.996294e+00
6.300000e+02	6.450000e+02	1.377333e+02	3.030218e+00	3.030218e+00
6.450000e+02	6.600000e+02	1.388667e+02	3.042660e+00	3.042660e+00
6.600000e+02	6.750000e+02	1.324000e+02	2.970971e+00	2.970971e+00
6.750000e+02	6.900000e+02	1.272000e+02	2.912044e+00	2.912044e+00
6.900000e+02	7.050000e+02	1.294667e+02	2.937875e+00	2.937875e+00
7.050000e+02	7.200000e+02	1.233333e+02	2.867442e+00	2.867442e+00
7.200000e+02	7.350000e+02	1.252667e+02	2.889829e+00	2.889829e+00
7.350000e+02	7.500000e+02	1.175333e+02	2.799206e+00	2.799206e+00
7.500000e+02	7.650000e+02	1.202667e+02	2.831568e+00	2.831568e+00
7.650000e+02	7.800000e+02	1.122667e+02	2.735771e+00	2.735771e+00
7.800000e+02	7.950000e+02	1.140667e+02	2.757616e+00	2.757616e+00
7.950000e+02	8.100000e+02	1.102667e+02	2.711293e+00	2.711293e+00
8.100000e+02	8.250000e+02	1.121333e+02	2.734146e+00	2.734146e+00
8.250000e+02	8.400000e+02	1.068667e+02	2.669165e+00	2.669165e+00
8.400000e+02	8.550000e+02	1.070667e+02	2.671662e+00	2.671662e+00
8.550000e+02	8.700000e+02	1.044667e+02	2.639023e+00	2.639023e+00
8.700000e+02	8.850000e+02	1.064667e+02	2.664165e+00	2.664165e+00
8.850000e+02	9.000000e+02	9.820000e+01	2.558645e+00	2.558645e+00
9.000000e+02	9.150000e+02	1.024667e+02	2.613639e+00	2.613639e+00
9.150000e+02	9.300000e+02	9.260000e+01	2.484619e+00	2.484619e+00
9.300000e+02	9.450000e+02	9.960000e+01	2.576820e+00	2.576820e+00
9.450000e+02	9.600000e+02	9.846667e+01	2.562117e+00	2.562117e+00
9.600000e+02	9.750000e+02	9.120000e+01	2.465766e+00	2.465766e+00
9.750000e+02	9.900000e+02	9.560000e+01	2.524546e+00	2.524546e+00
9.900000e+02	1.005000e+03	9.180000e+01	2.473863e+00	2.473863e+00
1.005000e+03	1.020000e+03	9.220000e+01	2.479247e+00	2.479247e+00
1.020000e+03	1.035000e+03	9.066667e+01	2.458545e+00	2.458545e+00
1.035000e+03	1.050000e+03	9.073333e+01	2.459449e+00	2.459449e+00
1.050000e+03	1.065000e+03	9.040000e+01	2.454927e+00	2.454927e+00
1.065000e+03	1.080000e+03	8.220000e+01	2.340940e+00	2.340940e+00
1.080000e+03	1.095000e+03	8.240000e+01	2.343786e+00	2.343786e+00
1.095000e+03	1.110000e+03	8.086667e+01	2.321877e+00	2.321877e+00
1.110000e+03	1.125000e+03	7.533333e+01	2.241032e+00	2.241032e+00
1.125000e+03	1.140000e+03	8.153333e+01	2.331428e+00	2.331428e+00
1.140000e+03	1.155000e+03	7.766667e+01	2.275473e+00	2.275473e+00
1.155000e+03	1.170000e+03	7.513333e+01	2.238055e+00	2.238055e+00
1.170000e+03	1.185000e+03	7.960000e+01	2.303620e+00	2.303620e+00
1.185000e+03	1.200000e+03	7.786667e+01	2.278401e+00	2.278401e+00
1.200000e+03	1.215000e+03	7.266667e+01	2.201010e+00	2.201010e+00
1.215000e+03	1.230000e+03	7.433333e+01	2.226108e+00	2.226108e+00
1.230000e+03	1.245000e+03	7.593333e+01	2.249938e+00	2.249938e+00
1.245000e+03	1.260000e+03	7.133333e+01	2.180724e+00	2.180724e+00
1.260000e+03	1.275000e+03	7.206667e+01	2.191904e+00	2.191904e+00
1.275000e+03	1.290000e+03	6.760000e+01	2.122891e+00	2.122891e+00
1.290000e+03	1.305000e+03	7.006667e+01	2.161275e+00	2.161275e+00
1.305000e+03	1.320000e+03	7.033333e+01	2.165384e+00	2.165384e+00
1.320000e+03	1.335000e+03	6.320000e+01	2.052641e+00	2.052641e+00
1.335000e+03	1.350000e+03	6.733333e+01	2.118700e+00	2.118700e+00
1.350000e+03	1.365000e+03	6.746667e+01	2.120796e+00	2.120796e+00
1.365000e+03	1.380000e+03	7.026667e+01	2.164358e+00	2.164358e+00
1.380000e+03	1.395000e+03	6.213333e+01	2.035245e+00	2.035245e+00
1.395000e+03	1.410000e+03	6.573333e+01	2.093376e+00	2.093376e+00
1.410000e+03	1.425000e+03	6.306667e+01	2.050474e+00	2.050474e+00
1.425000e+03	1.440000e+03	5.986667e+01	1.997777e+00	1.997777e+00
1.440000e+03	1.455000e+03	5.960000e+01	1.993322e+00	1.993322e+00
1.455000e+03	1.470000e+03	6.073333e+01	2.012185e+00	2.012185e+00
1.470000e+03	1.485000e+03	6.253333e+01	2.041786e+00	2.041786e+00
1.485000e+03	1.500000e+03	5.906667e+01	1.984383e+00	1.984383e+00
# END HISTO1D

# BEGIN HISTO1D //afs/cern.ch/user/d/dsatco/herbvi6500/yoda_files/40TeV_iproc7099_nnpdf30.yoda/MC_SUSY/pt-jet
ErrorBars=1
LineColor=orange
LineStyle=solid
Path=//afs/cern.ch/user/d/dsatco/herbvi6500/yoda_files/40TeV_iproc7099_nnpdf30.yoda/MC_SUSY/pt-jet
Title=nnpdf30
XLabel=
YLabel=
# xlow	 xhigh	 val	 errminus	 errplus
0.000000e+00	1.500000e+01	1.129267e+03	8.676661e+00	8.676661e+00
1.500000e+01	3.000000e+01	1.373733e+03	9.569860e+00	9.569860e+00
3.000000e+01	4.500000e+01	1.048133e+03	8.359160e+00	8.359160e+00
4.500000e+01	6.000000e+01	8.593333e+02	7.568942e+00	7.568942e+00
6.000000e+01	7.500000e+01	7.360667e+02	7.005078e+00	7.005078e+00
7.500000e+01	9.000000e+01	6.387333e+02	6.525506e+00	6.525506e+00
9.000000e+01	1.050000e+02	5.741333e+02	6.186724e+00	6.186724e+00
1.050000e+02	1.200000e+02	5.076667e+02	5.817598e+00	5.817598e+00
1.200000e+02	1.350000e+02	4.592000e+02	5.532932e+00	5.532932e+00
1.350000e+02	1.500000e+02	4.252667e+02	5.324576e+00	5.324576e+00
1.500000e+02	1.650000e+02	4.045333e+02	5.193158e+00	5.193158e+00
1.650000e+02	1.800000e+02	3.698667e+02	4.965660e+00	4.965660e+00
1.800000e+02	1.950000e+02	3.588000e+02	4.890808e+00	4.890808e+00
1.950000e+02	2.100000e+02	3.390000e+02	4.753946e+00	4.753946e+00
2.100000e+02	2.250000e+02	3.208667e+02	4.625053e+00	4.625053e+00
2.250000e+02	2.400000e+02	3.060000e+02	4.516636e+00	4.516636e+00
2.400000e+02	2.550000e+02	3.027333e+02	4.492463e+00	4.492463e+00
2.550000e+02	2.700000e+02	2.826667e+02	4.341019e+00	4.341019e+00
2.700000e+02	2.850000e+02	2.690667e+02	4.235301e+00	4.235301e+00
2.850000e+02	3.000000e+02	2.646667e+02	4.200529e+00	4.200529e+00
3.000000e+02	3.150000e+02	2.446000e+02	4.038151e+00	4.038151e+00
3.150000e+02	3.300000e+02	2.477333e+02	4.063934e+00	4.063934e+00
3.300000e+02	3.450000e+02	2.401333e+02	4.001111e+00	4.001111e+00
3.450000e+02	3.600000e+02	2.240000e+02	3.864367e+00	3.864367e+00
3.600000e+02	3.750000e+02	2.182000e+02	3.814009e+00	3.814009e+00
3.750000e+02	3.900000e+02	2.173333e+02	3.806427e+00	3.806427e+00
3.900000e+02	4.050000e+02	2.037333e+02	3.685407e+00	3.685407e+00
4.050000e+02	4.200000e+02	1.992667e+02	3.644783e+00	3.644783e+00
4.200000e+02	4.350000e+02	1.958667e+02	3.613555e+00	3.613555e+00
4.350000e+02	4.500000e+02	1.886000e+02	3.545890e+00	3.545890e+00
4.500000e+02	4.650000e+02	1.870000e+02	3.530817e+00	3.530817e+00
4.650000e+02	4.800000e+02	1.791333e+02	3.455752e+00	3.455752e+00
4.800000e+02	4.950000e+02	1.730000e+02	3.396076e+00	3.396076e+00
4.950000e+02	5.100000e+02	1.717333e+02	3.383621e+00	3.383621e+00
5.100000e+02	5.250000e+02	1.611333e+02	3.277533e+00	3.277533e+00
5.250000e+02	5.400000e+02	1.621333e+02	3.287687e+00	3.287687e+00
5.400000e+02	5.550000e+02	1.588667e+02	3.254399e+00	3.254399e+00
5.550000e+02	5.700000e+02	1.580667e+02	3.246194e+00	3.246194e+00
5.700000e+02	5.850000e+02	1.556667e+02	3.221456e+00	3.221456e+00
5.850000e+02	6.000000e+02	1.522000e+02	3.185383e+00	3.185383e+00
6.000000e+02	6.150000e+02	1.422667e+02	3.079683e+00	3.079683e+00
6.150000e+02	6.300000e+02	1.400667e+02	3.055778e+00	3.055778e+00
6.300000e+02	6.450000e+02	1.412000e+02	3.068116e+00	3.068116e+00
6.450000e+02	6.600000e+02	1.375333e+02	3.028017e+00	3.028017e+00
6.600000e+02	6.750000e+02	1.342000e+02	2.991098e+00	2.991098e+00
6.750000e+02	6.900000e+02	1.308667e+02	2.953717e+00	2.953717e+00
6.900000e+02	7.050000e+02	1.246000e+02	2.882129e+00	2.882129e+00
7.050000e+02	7.200000e+02	1.277333e+02	2.918142e+00	2.918142e+00
7.200000e+02	7.350000e+02	1.201333e+02	2.829998e+00	2.829998e+00
7.350000e+02	7.500000e+02	1.176000e+02	2.800000e+00	2.800000e+00
7.500000e+02	7.650000e+02	1.176000e+02	2.800000e+00	2.800000e+00
7.650000e+02	7.800000e+02	1.179333e+02	2.803965e+00	2.803965e+00
7.800000e+02	7.950000e+02	1.117333e+02	2.729265e+00	2.729265e+00
7.950000e+02	8.100000e+02	1.060667e+02	2.659156e+00	2.659156e+00
8.100000e+02	8.250000e+02	1.083333e+02	2.687419e+00	2.687419e+00
8.250000e+02	8.400000e+02	1.053333e+02	2.649948e+00	2.649948e+00
8.400000e+02	8.550000e+02	1.020000e+02	2.607681e+00	2.607681e+00
8.550000e+02	8.700000e+02	1.067333e+02	2.667500e+00	2.667500e+00
8.700000e+02	8.850000e+02	1.050000e+02	2.645751e+00	2.645751e+00
8.850000e+02	9.000000e+02	1.023333e+02	2.611938e+00	2.611938e+00
9.000000e+02	9.150000e+02	1.016000e+02	2.602563e+00	2.602563e+00
9.150000e+02	9.300000e+02	9.833333e+01	2.560382e+00	2.560382e+00
9.300000e+02	9.450000e+02	9.820000e+01	2.558645e+00	2.558645e+00
9.450000e+02	9.600000e+02	9.580000e+01	2.527186e+00	2.527186e+00
9.600000e+02	9.750000e+02	9.520000e+01	2.519259e+00	2.519259e+00
9.750000e+02	9.900000e+02	9.526667e+01	2.520141e+00	2.520141e+00
9.900000e+02	1.005000e+03	9.233333e+01	2.481039e+00	2.481039e+00
1.005000e+03	1.020000e+03	8.700000e+01	2.408319e+00	2.408319e+00
1.020000e+03	1.035000e+03	8.813333e+01	2.423955e+00	2.423955e+00
1.035000e+03	1.050000e+03	8.613333e+01	2.396293e+00	2.396293e+00
1.050000e+03	1.065000e+03	8.620000e+01	2.397221e+00	2.397221e+00
1.065000e+03	1.080000e+03	8.200000e+01	2.338090e+00	2.338090e+00
1.080000e+03	1.095000e+03	8.480000e+01	2.377674e+00	2.377674e+00
1.095000e+03	1.110000e+03	7.966667e+01	2.304585e+00	2.304585e+00
1.110000e+03	1.125000e+03	8.100000e+01	2.323790e+00	2.323790e+00
1.125000e+03	1.140000e+03	7.866667e+01	2.290075e+00	2.290075e+00
1.140000e+03	1.155000e+03	7.926667e+01	2.298792e+00	2.298792e+00
1.155000e+03	1.170000e+03	7.906667e+01	2.295890e+00	2.295890e+00
1.170000e+03	1.185000e+03	8.400000e+01	2.366432e+00	2.366432e+00
1.185000e+03	1.200000e+03	7.846667e+01	2.287162e+00	2.287162e+00
1.200000e+03	1.215000e+03	7.606667e+01	2.251913e+00	2.251913e+00
1.215000e+03	1.230000e+03	7.340000e+01	2.212088e+00	2.212088e+00
1.230000e+03	1.245000e+03	7.100000e+01	2.175623e+00	2.175623e+00
1.245000e+03	1.260000e+03	7.300000e+01	2.206052e+00	2.206052e+00
1.260000e+03	1.275000e+03	6.980000e+01	2.157159e+00	2.157159e+00
1.275000e+03	1.290000e+03	7.220000e+01	2.193931e+00	2.193931e+00
1.290000e+03	1.305000e+03	6.540000e+01	2.088061e+00	2.088061e+00
1.305000e+03	1.320000e+03	6.666667e+01	2.108185e+00	2.108185e+00
1.320000e+03	1.335000e+03	6.460000e+01	2.075251e+00	2.075251e+00
1.335000e+03	1.350000e+03	7.033333e+01	2.165384e+00	2.165384e+00
1.350000e+03	1.365000e+03	6.560000e+01	2.091252e+00	2.091252e+00
1.365000e+03	1.380000e+03	6.526667e+01	2.085932e+00	2.085932e+00
1.380000e+03	1.395000e+03	6.433333e+01	2.070963e+00	2.070963e+00
1.395000e+03	1.410000e+03	6.193333e+01	2.031967e+00	2.031967e+00
1.410000e+03	1.425000e+03	6.146667e+01	2.024297e+00	2.024297e+00
1.425000e+03	1.440000e+03	6.246667e+01	2.040697e+00	2.040697e+00
1.440000e+03	1.455000e+03	6.046667e+01	2.007763e+00	2.007763e+00
1.455000e+03	1.470000e+03	5.886667e+01	1.981021e+00	1.981021e+00
1.470000e+03	1.485000e+03	5.860000e+01	1.976529e+00	1.976529e+00
1.485000e+03	1.500000e+03	5.673333e+01	1.944794e+00	1.944794e+00
# END HISTO1D

