# BEGIN PLOT
RatioPlotYLabel=Ratio
LegendOnly=//afs/cern.ch/user/d/dsatco/herbvi6500/yoda_files/40TeV_iproc7099_20t_ev.yoda/MC_SUSY/pt-mu //afs/cern.ch/user/d/dsatco/herbvi6500/yoda_files/40TeV_iproc7099_ct14nlo.yoda/MC_SUSY/pt-mu //afs/cern.ch/user/d/dsatco/herbvi6500/yoda_files/40TeV_iproc7099_mmht2014.yoda/MC_SUSY/pt-mu //afs/cern.ch/user/d/dsatco/herbvi6500/yoda_files/40TeV_iproc7099_nnpdf30.yoda/MC_SUSY/pt-mu
XLabel=$p_\perp$
RatioPlotReference=//afs/cern.ch/user/d/dsatco/herbvi6500/yoda_files/40TeV_iproc7099_20t_ev.yoda/MC_SUSY/pt-mu
YLabel=$\mathrm{d}N_\mu/\mathrm{d}p_\perp$
DrawOnly=//afs/cern.ch/user/d/dsatco/herbvi6500/yoda_files/40TeV_iproc7099_20t_ev.yoda/MC_SUSY/pt-mu //afs/cern.ch/user/d/dsatco/herbvi6500/yoda_files/40TeV_iproc7099_ct14nlo.yoda/MC_SUSY/pt-mu //afs/cern.ch/user/d/dsatco/herbvi6500/yoda_files/40TeV_iproc7099_mmht2014.yoda/MC_SUSY/pt-mu //afs/cern.ch/user/d/dsatco/herbvi6500/yoda_files/40TeV_iproc7099_nnpdf30.yoda/MC_SUSY/pt-mu
RatioPlot=1
Title=$p_\perp$ distribution for $\mu^+$, $\mu^-$
Legend=1
LogY=1
# END PLOT

# BEGIN HISTO1D //afs/cern.ch/user/d/dsatco/herbvi6500/yoda_files/40TeV_iproc7099_20t_ev.yoda/MC_SUSY/pt-mu
ErrorBars=1
LineColor=red
LineStyle=solid
Path=//afs/cern.ch/user/d/dsatco/herbvi6500/yoda_files/40TeV_iproc7099_20t_ev.yoda/MC_SUSY/pt-mu
Title=mstw1998
XLabel=
YLabel=
# xlow	 xhigh	 val	 errminus	 errplus
0.000000e+00	5.000000e+00	0.000000e+00	0.000000e+00	0.000000e+00
5.000000e+00	1.000000e+01	0.000000e+00	0.000000e+00	0.000000e+00
1.000000e+01	1.500000e+01	1.380000e+03	1.661325e+01	1.661325e+01
1.500000e+01	2.000000e+01	1.056800e+03	1.453823e+01	1.453823e+01
2.000000e+01	2.500000e+01	9.100000e+02	1.349074e+01	1.349074e+01
2.500000e+01	3.000000e+01	7.754000e+02	1.245311e+01	1.245311e+01
3.000000e+01	3.500000e+01	7.018000e+02	1.184736e+01	1.184736e+01
3.500000e+01	4.000000e+01	6.114000e+02	1.105803e+01	1.105803e+01
4.000000e+01	4.500000e+01	5.300000e+02	1.029563e+01	1.029563e+01
4.500000e+01	5.000000e+01	5.118000e+02	1.011731e+01	1.011731e+01
5.000000e+01	5.500000e+01	4.514000e+02	9.501579e+00	9.501579e+00
5.500000e+01	6.000000e+01	4.300000e+02	9.273618e+00	9.273618e+00
6.000000e+01	6.500000e+01	3.868000e+02	8.795453e+00	8.795453e+00
6.500000e+01	7.000000e+01	3.856000e+02	8.781799e+00	8.781799e+00
7.000000e+01	7.500000e+01	3.616000e+02	8.504117e+00	8.504117e+00
7.500000e+01	8.000000e+01	3.380000e+02	8.221922e+00	8.221922e+00
8.000000e+01	8.500000e+01	3.206000e+02	8.007496e+00	8.007496e+00
8.500000e+01	9.000000e+01	3.088000e+02	7.858753e+00	7.858753e+00
9.000000e+01	9.500000e+01	2.852000e+02	7.552483e+00	7.552483e+00
9.500000e+01	1.000000e+02	2.900000e+02	7.615773e+00	7.615773e+00
1.000000e+02	1.050000e+02	2.822000e+02	7.512656e+00	7.512656e+00
1.050000e+02	1.100000e+02	2.634000e+02	7.258099e+00	7.258099e+00
1.100000e+02	1.150000e+02	2.402000e+02	6.931089e+00	6.931089e+00
1.150000e+02	1.200000e+02	2.394000e+02	6.919538e+00	6.919538e+00
1.200000e+02	1.250000e+02	2.318000e+02	6.808818e+00	6.808818e+00
1.250000e+02	1.300000e+02	2.192000e+02	6.621178e+00	6.621178e+00
1.300000e+02	1.350000e+02	2.044000e+02	6.393747e+00	6.393747e+00
1.350000e+02	1.400000e+02	2.248000e+02	6.705222e+00	6.705222e+00
1.400000e+02	1.450000e+02	1.976000e+02	6.286493e+00	6.286493e+00
1.450000e+02	1.500000e+02	1.980000e+02	6.292853e+00	6.292853e+00
1.500000e+02	1.550000e+02	1.802000e+02	6.003332e+00	6.003332e+00
1.550000e+02	1.600000e+02	1.836000e+02	6.059703e+00	6.059703e+00
1.600000e+02	1.650000e+02	1.832000e+02	6.053098e+00	6.053098e+00
1.650000e+02	1.700000e+02	1.710000e+02	5.848077e+00	5.848077e+00
1.700000e+02	1.750000e+02	1.604000e+02	5.663921e+00	5.663921e+00
1.750000e+02	1.800000e+02	1.624000e+02	5.699123e+00	5.699123e+00
1.800000e+02	1.850000e+02	1.654000e+02	5.751522e+00	5.751522e+00
1.850000e+02	1.900000e+02	1.650000e+02	5.744563e+00	5.744563e+00
1.900000e+02	1.950000e+02	1.474000e+02	5.429549e+00	5.429549e+00
1.950000e+02	2.000000e+02	1.378000e+02	5.249762e+00	5.249762e+00
2.000000e+02	2.050000e+02	1.424000e+02	5.336666e+00	5.336666e+00
2.050000e+02	2.100000e+02	1.360000e+02	5.215362e+00	5.215362e+00
2.100000e+02	2.150000e+02	1.236000e+02	4.971921e+00	4.971921e+00
2.150000e+02	2.200000e+02	1.244000e+02	4.987986e+00	4.987986e+00
2.200000e+02	2.250000e+02	1.260000e+02	5.019960e+00	5.019960e+00
2.250000e+02	2.300000e+02	1.184000e+02	4.866210e+00	4.866210e+00
2.300000e+02	2.350000e+02	1.156000e+02	4.808326e+00	4.808326e+00
2.350000e+02	2.400000e+02	1.046000e+02	4.573839e+00	4.573839e+00
2.400000e+02	2.450000e+02	1.062000e+02	4.608687e+00	4.608687e+00
2.450000e+02	2.500000e+02	1.140000e+02	4.774935e+00	4.774935e+00
2.500000e+02	2.550000e+02	1.076000e+02	4.638965e+00	4.638965e+00
2.550000e+02	2.600000e+02	1.086000e+02	4.660472e+00	4.660472e+00
2.600000e+02	2.650000e+02	1.068000e+02	4.621688e+00	4.621688e+00
2.650000e+02	2.700000e+02	1.000000e+02	4.472136e+00	4.472136e+00
2.700000e+02	2.750000e+02	1.000000e+02	4.472136e+00	4.472136e+00
2.750000e+02	2.800000e+02	8.880000e+01	4.214262e+00	4.214262e+00
2.800000e+02	2.850000e+02	9.120000e+01	4.270831e+00	4.270831e+00
2.850000e+02	2.900000e+02	9.580000e+01	4.377214e+00	4.377214e+00
2.900000e+02	2.950000e+02	8.880000e+01	4.214262e+00	4.214262e+00
2.950000e+02	3.000000e+02	8.420000e+01	4.103657e+00	4.103657e+00
3.000000e+02	3.050000e+02	7.920000e+01	3.979950e+00	3.979950e+00
3.050000e+02	3.100000e+02	7.680000e+01	3.919184e+00	3.919184e+00
3.100000e+02	3.150000e+02	7.980000e+01	3.994997e+00	3.994997e+00
3.150000e+02	3.200000e+02	7.900000e+01	3.974921e+00	3.974921e+00
3.200000e+02	3.250000e+02	7.560000e+01	3.888444e+00	3.888444e+00
3.250000e+02	3.300000e+02	7.260000e+01	3.810512e+00	3.810512e+00
3.300000e+02	3.350000e+02	6.700000e+01	3.660601e+00	3.660601e+00
3.350000e+02	3.400000e+02	7.240000e+01	3.805260e+00	3.805260e+00
3.400000e+02	3.450000e+02	6.720000e+01	3.666061e+00	3.666061e+00
3.450000e+02	3.500000e+02	6.480000e+01	3.600000e+00	3.600000e+00
3.500000e+02	3.550000e+02	6.640000e+01	3.644173e+00	3.644173e+00
3.550000e+02	3.600000e+02	6.720000e+01	3.666061e+00	3.666061e+00
3.600000e+02	3.650000e+02	6.340000e+01	3.560899e+00	3.560899e+00
3.650000e+02	3.700000e+02	5.780000e+01	3.400000e+00	3.400000e+00
3.700000e+02	3.750000e+02	6.680000e+01	3.655133e+00	3.655133e+00
3.750000e+02	3.800000e+02	6.020000e+01	3.469870e+00	3.469870e+00
3.800000e+02	3.850000e+02	5.840000e+01	3.417601e+00	3.417601e+00
3.850000e+02	3.900000e+02	5.240000e+01	3.237283e+00	3.237283e+00
3.900000e+02	3.950000e+02	5.740000e+01	3.388215e+00	3.388215e+00
3.950000e+02	4.000000e+02	5.360000e+01	3.274141e+00	3.274141e+00
4.000000e+02	4.050000e+02	5.460000e+01	3.304542e+00	3.304542e+00
4.050000e+02	4.100000e+02	4.920000e+01	3.136877e+00	3.136877e+00
4.100000e+02	4.150000e+02	5.380000e+01	3.280244e+00	3.280244e+00
4.150000e+02	4.200000e+02	4.540000e+01	3.013304e+00	3.013304e+00
4.200000e+02	4.250000e+02	5.140000e+01	3.206244e+00	3.206244e+00
4.250000e+02	4.300000e+02	4.460000e+01	2.986637e+00	2.986637e+00
4.300000e+02	4.350000e+02	4.340000e+01	2.946184e+00	2.946184e+00
4.350000e+02	4.400000e+02	4.200000e+01	2.898275e+00	2.898275e+00
4.400000e+02	4.450000e+02	4.340000e+01	2.946184e+00	2.946184e+00
4.450000e+02	4.500000e+02	3.560000e+01	2.668333e+00	2.668333e+00
4.500000e+02	4.550000e+02	4.200000e+01	2.898275e+00	2.898275e+00
4.550000e+02	4.600000e+02	4.180000e+01	2.891366e+00	2.891366e+00
4.600000e+02	4.650000e+02	3.840000e+01	2.771281e+00	2.771281e+00
4.650000e+02	4.700000e+02	4.020000e+01	2.835489e+00	2.835489e+00
4.700000e+02	4.750000e+02	3.720000e+01	2.727636e+00	2.727636e+00
4.750000e+02	4.800000e+02	3.640000e+01	2.698148e+00	2.698148e+00
4.800000e+02	4.850000e+02	3.920000e+01	2.800000e+00	2.800000e+00
4.850000e+02	4.900000e+02	3.460000e+01	2.630589e+00	2.630589e+00
4.900000e+02	4.950000e+02	3.700000e+01	2.720294e+00	2.720294e+00
4.950000e+02	5.000000e+02	3.440000e+01	2.622975e+00	2.622975e+00
# END HISTO1D

# BEGIN HISTO1D //afs/cern.ch/user/d/dsatco/herbvi6500/yoda_files/40TeV_iproc7099_ct14nlo.yoda/MC_SUSY/pt-mu
ErrorBars=1
LineColor=blue
LineStyle=solid
Path=//afs/cern.ch/user/d/dsatco/herbvi6500/yoda_files/40TeV_iproc7099_ct14nlo.yoda/MC_SUSY/pt-mu
Title=ct14nlo
XLabel=
YLabel=
# xlow	 xhigh	 val	 errminus	 errplus
0.000000e+00	5.000000e+00	0.000000e+00	0.000000e+00	0.000000e+00
5.000000e+00	1.000000e+01	0.000000e+00	0.000000e+00	0.000000e+00
1.000000e+01	1.500000e+01	1.335600e+03	1.634381e+01	1.634381e+01
1.500000e+01	2.000000e+01	1.100000e+03	1.483240e+01	1.483240e+01
2.000000e+01	2.500000e+01	9.268000e+02	1.361470e+01	1.361470e+01
2.500000e+01	3.000000e+01	7.658000e+02	1.237578e+01	1.237578e+01
3.000000e+01	3.500000e+01	6.728000e+02	1.160000e+01	1.160000e+01
3.500000e+01	4.000000e+01	6.120000e+02	1.106345e+01	1.106345e+01
4.000000e+01	4.500000e+01	5.672000e+02	1.065082e+01	1.065082e+01
4.500000e+01	5.000000e+01	5.068000e+02	1.006777e+01	1.006777e+01
5.000000e+01	5.500000e+01	4.708000e+02	9.703608e+00	9.703608e+00
5.500000e+01	6.000000e+01	4.250000e+02	9.219544e+00	9.219544e+00
6.000000e+01	6.500000e+01	4.086000e+02	9.039912e+00	9.039912e+00
6.500000e+01	7.000000e+01	3.758000e+02	8.669487e+00	8.669487e+00
7.000000e+01	7.500000e+01	3.568000e+02	8.447485e+00	8.447485e+00
7.500000e+01	8.000000e+01	3.348000e+02	8.182909e+00	8.182909e+00
8.000000e+01	8.500000e+01	3.356000e+02	8.192680e+00	8.192680e+00
8.500000e+01	9.000000e+01	3.052000e+02	7.812810e+00	7.812810e+00
9.000000e+01	9.500000e+01	2.890000e+02	7.602631e+00	7.602631e+00
9.500000e+01	1.000000e+02	2.742000e+02	7.405403e+00	7.405403e+00
1.000000e+02	1.050000e+02	2.660000e+02	7.293833e+00	7.293833e+00
1.050000e+02	1.100000e+02	2.566000e+02	7.163798e+00	7.163798e+00
1.100000e+02	1.150000e+02	2.522000e+02	7.102112e+00	7.102112e+00
1.150000e+02	1.200000e+02	2.340000e+02	6.841053e+00	6.841053e+00
1.200000e+02	1.250000e+02	2.192000e+02	6.621178e+00	6.621178e+00
1.250000e+02	1.300000e+02	2.184000e+02	6.609085e+00	6.609085e+00
1.300000e+02	1.350000e+02	2.128000e+02	6.523803e+00	6.523803e+00
1.350000e+02	1.400000e+02	2.030000e+02	6.371813e+00	6.371813e+00
1.400000e+02	1.450000e+02	1.948000e+02	6.241795e+00	6.241795e+00
1.450000e+02	1.500000e+02	1.950000e+02	6.244998e+00	6.244998e+00
1.500000e+02	1.550000e+02	1.784000e+02	5.973274e+00	5.973274e+00
1.550000e+02	1.600000e+02	1.748000e+02	5.912698e+00	5.912698e+00
1.600000e+02	1.650000e+02	1.730000e+02	5.882176e+00	5.882176e+00
1.650000e+02	1.700000e+02	1.626000e+02	5.702631e+00	5.702631e+00
1.700000e+02	1.750000e+02	1.600000e+02	5.656854e+00	5.656854e+00
1.750000e+02	1.800000e+02	1.574000e+02	5.610704e+00	5.610704e+00
1.800000e+02	1.850000e+02	1.492000e+02	5.462600e+00	5.462600e+00
1.850000e+02	1.900000e+02	1.388000e+02	5.268776e+00	5.268776e+00
1.900000e+02	1.950000e+02	1.526000e+02	5.524491e+00	5.524491e+00
1.950000e+02	2.000000e+02	1.378000e+02	5.249762e+00	5.249762e+00
2.000000e+02	2.050000e+02	1.354000e+02	5.203845e+00	5.203845e+00
2.050000e+02	2.100000e+02	1.288000e+02	5.075431e+00	5.075431e+00
2.100000e+02	2.150000e+02	1.280000e+02	5.059644e+00	5.059644e+00
2.150000e+02	2.200000e+02	1.266000e+02	5.031898e+00	5.031898e+00
2.200000e+02	2.250000e+02	1.274000e+02	5.047772e+00	5.047772e+00
2.250000e+02	2.300000e+02	1.212000e+02	4.923413e+00	4.923413e+00
2.300000e+02	2.350000e+02	1.190000e+02	4.878524e+00	4.878524e+00
2.350000e+02	2.400000e+02	1.208000e+02	4.915282e+00	4.915282e+00
2.400000e+02	2.450000e+02	1.182000e+02	4.862098e+00	4.862098e+00
2.450000e+02	2.500000e+02	1.104000e+02	4.698936e+00	4.698936e+00
2.500000e+02	2.550000e+02	1.028000e+02	4.534314e+00	4.534314e+00
2.550000e+02	2.600000e+02	9.940000e+01	4.458699e+00	4.458699e+00
2.600000e+02	2.650000e+02	1.080000e+02	4.647580e+00	4.647580e+00
2.650000e+02	2.700000e+02	9.760000e+01	4.418144e+00	4.418144e+00
2.700000e+02	2.750000e+02	8.860000e+01	4.209513e+00	4.209513e+00
2.750000e+02	2.800000e+02	9.140000e+01	4.275512e+00	4.275512e+00
2.800000e+02	2.850000e+02	9.060000e+01	4.256759e+00	4.256759e+00
2.850000e+02	2.900000e+02	8.600000e+01	4.147288e+00	4.147288e+00
2.900000e+02	2.950000e+02	8.880000e+01	4.214262e+00	4.214262e+00
2.950000e+02	3.000000e+02	8.740000e+01	4.180909e+00	4.180909e+00
3.000000e+02	3.050000e+02	8.380000e+01	4.093898e+00	4.093898e+00
3.050000e+02	3.100000e+02	8.440000e+01	4.108528e+00	4.108528e+00
3.100000e+02	3.150000e+02	8.080000e+01	4.019950e+00	4.019950e+00
3.150000e+02	3.200000e+02	7.380000e+01	3.841875e+00	3.841875e+00
3.200000e+02	3.250000e+02	7.640000e+01	3.908964e+00	3.908964e+00
3.250000e+02	3.300000e+02	7.300000e+01	3.820995e+00	3.820995e+00
3.300000e+02	3.350000e+02	7.620000e+01	3.903844e+00	3.903844e+00
3.350000e+02	3.400000e+02	7.220000e+01	3.800000e+00	3.800000e+00
3.400000e+02	3.450000e+02	6.800000e+01	3.687818e+00	3.687818e+00
3.450000e+02	3.500000e+02	6.300000e+01	3.549648e+00	3.549648e+00
3.500000e+02	3.550000e+02	6.720000e+01	3.666061e+00	3.666061e+00
3.550000e+02	3.600000e+02	6.580000e+01	3.627671e+00	3.627671e+00
3.600000e+02	3.650000e+02	5.680000e+01	3.370460e+00	3.370460e+00
3.650000e+02	3.700000e+02	5.900000e+01	3.435113e+00	3.435113e+00
3.700000e+02	3.750000e+02	5.980000e+01	3.458323e+00	3.458323e+00
3.750000e+02	3.800000e+02	5.760000e+01	3.394113e+00	3.394113e+00
3.800000e+02	3.850000e+02	6.120000e+01	3.498571e+00	3.498571e+00
3.850000e+02	3.900000e+02	5.700000e+01	3.376389e+00	3.376389e+00
3.900000e+02	3.950000e+02	6.020000e+01	3.469870e+00	3.469870e+00
3.950000e+02	4.000000e+02	5.640000e+01	3.358571e+00	3.358571e+00
4.000000e+02	4.050000e+02	5.180000e+01	3.218695e+00	3.218695e+00
4.050000e+02	4.100000e+02	5.180000e+01	3.218695e+00	3.218695e+00
4.100000e+02	4.150000e+02	4.880000e+01	3.124100e+00	3.124100e+00
4.150000e+02	4.200000e+02	4.780000e+01	3.091925e+00	3.091925e+00
4.200000e+02	4.250000e+02	4.720000e+01	3.072458e+00	3.072458e+00
4.250000e+02	4.300000e+02	4.700000e+01	3.065942e+00	3.065942e+00
4.300000e+02	4.350000e+02	4.320000e+01	2.939388e+00	2.939388e+00
4.350000e+02	4.400000e+02	4.200000e+01	2.898275e+00	2.898275e+00
4.400000e+02	4.450000e+02	4.000000e+01	2.828427e+00	2.828427e+00
4.450000e+02	4.500000e+02	4.420000e+01	2.973214e+00	2.973214e+00
4.500000e+02	4.550000e+02	4.280000e+01	2.925748e+00	2.925748e+00
4.550000e+02	4.600000e+02	3.580000e+01	2.675818e+00	2.675818e+00
4.600000e+02	4.650000e+02	4.040000e+01	2.842534e+00	2.842534e+00
4.650000e+02	4.700000e+02	4.680000e+01	3.059412e+00	3.059412e+00
4.700000e+02	4.750000e+02	4.280000e+01	2.925748e+00	2.925748e+00
4.750000e+02	4.800000e+02	3.540000e+01	2.660827e+00	2.660827e+00
4.800000e+02	4.850000e+02	3.860000e+01	2.778489e+00	2.778489e+00
4.850000e+02	4.900000e+02	3.340000e+01	2.584570e+00	2.584570e+00
4.900000e+02	4.950000e+02	3.460000e+01	2.630589e+00	2.630589e+00
4.950000e+02	5.000000e+02	3.320000e+01	2.576820e+00	2.576820e+00
# END HISTO1D

# BEGIN HISTO1D //afs/cern.ch/user/d/dsatco/herbvi6500/yoda_files/40TeV_iproc7099_mmht2014.yoda/MC_SUSY/pt-mu
ErrorBars=1
LineColor=green
LineStyle=solid
Path=//afs/cern.ch/user/d/dsatco/herbvi6500/yoda_files/40TeV_iproc7099_mmht2014.yoda/MC_SUSY/pt-mu
Title=mmht2014
XLabel=
YLabel=
# xlow	 xhigh	 val	 errminus	 errplus
0.000000e+00	5.000000e+00	0.000000e+00	0.000000e+00	0.000000e+00
5.000000e+00	1.000000e+01	0.000000e+00	0.000000e+00	0.000000e+00
1.000000e+01	1.500000e+01	1.359000e+03	1.648636e+01	1.648636e+01
1.500000e+01	2.000000e+01	1.076600e+03	1.467379e+01	1.467379e+01
2.000000e+01	2.500000e+01	9.088000e+02	1.348184e+01	1.348184e+01
2.500000e+01	3.000000e+01	7.534000e+02	1.227518e+01	1.227518e+01
3.000000e+01	3.500000e+01	6.998000e+02	1.183047e+01	1.183047e+01
3.500000e+01	4.000000e+01	6.094000e+02	1.103993e+01	1.103993e+01
4.000000e+01	4.500000e+01	5.540000e+02	1.052616e+01	1.052616e+01
4.500000e+01	5.000000e+01	5.148000e+02	1.014692e+01	1.014692e+01
5.000000e+01	5.500000e+01	4.752000e+02	9.748846e+00	9.748846e+00
5.500000e+01	6.000000e+01	4.264000e+02	9.234717e+00	9.234717e+00
6.000000e+01	6.500000e+01	4.054000e+02	9.004443e+00	9.004443e+00
6.500000e+01	7.000000e+01	3.796000e+02	8.713208e+00	8.713208e+00
7.000000e+01	7.500000e+01	3.542000e+02	8.416650e+00	8.416650e+00
7.500000e+01	8.000000e+01	3.482000e+02	8.345058e+00	8.345058e+00
8.000000e+01	8.500000e+01	3.242000e+02	8.052329e+00	8.052329e+00
8.500000e+01	9.000000e+01	3.062000e+02	7.825599e+00	7.825599e+00
9.000000e+01	9.500000e+01	2.956000e+02	7.688953e+00	7.688953e+00
9.500000e+01	1.000000e+02	2.830000e+02	7.523297e+00	7.523297e+00
1.000000e+02	1.050000e+02	2.744000e+02	7.408104e+00	7.408104e+00
1.050000e+02	1.100000e+02	2.594000e+02	7.202777e+00	7.202777e+00
1.100000e+02	1.150000e+02	2.338000e+02	6.838128e+00	6.838128e+00
1.150000e+02	1.200000e+02	2.466000e+02	7.022820e+00	7.022820e+00
1.200000e+02	1.250000e+02	2.208000e+02	6.645299e+00	6.645299e+00
1.250000e+02	1.300000e+02	2.268000e+02	6.734983e+00	6.734983e+00
1.300000e+02	1.350000e+02	2.202000e+02	6.636264e+00	6.636264e+00
1.350000e+02	1.400000e+02	1.960000e+02	6.260990e+00	6.260990e+00
1.400000e+02	1.450000e+02	2.030000e+02	6.371813e+00	6.371813e+00
1.450000e+02	1.500000e+02	1.980000e+02	6.292853e+00	6.292853e+00
1.500000e+02	1.550000e+02	1.772000e+02	5.953150e+00	5.953150e+00
1.550000e+02	1.600000e+02	1.844000e+02	6.072891e+00	6.072891e+00
1.600000e+02	1.650000e+02	1.716000e+02	5.858327e+00	5.858327e+00
1.650000e+02	1.700000e+02	1.696000e+02	5.824088e+00	5.824088e+00
1.700000e+02	1.750000e+02	1.632000e+02	5.713143e+00	5.713143e+00
1.750000e+02	1.800000e+02	1.706000e+02	5.841233e+00	5.841233e+00
1.800000e+02	1.850000e+02	1.630000e+02	5.709641e+00	5.709641e+00
1.850000e+02	1.900000e+02	1.528000e+02	5.528110e+00	5.528110e+00
1.900000e+02	1.950000e+02	1.506000e+02	5.488169e+00	5.488169e+00
1.950000e+02	2.000000e+02	1.448000e+02	5.381450e+00	5.381450e+00
2.000000e+02	2.050000e+02	1.376000e+02	5.245951e+00	5.245951e+00
2.050000e+02	2.100000e+02	1.334000e+02	5.165269e+00	5.165269e+00
2.100000e+02	2.150000e+02	1.280000e+02	5.059644e+00	5.059644e+00
2.150000e+02	2.200000e+02	1.220000e+02	4.939636e+00	4.939636e+00
2.200000e+02	2.250000e+02	1.218000e+02	4.935585e+00	4.935585e+00
2.250000e+02	2.300000e+02	1.144000e+02	4.783304e+00	4.783304e+00
2.300000e+02	2.350000e+02	1.166000e+02	4.829079e+00	4.829079e+00
2.350000e+02	2.400000e+02	1.142000e+02	4.779121e+00	4.779121e+00
2.400000e+02	2.450000e+02	1.166000e+02	4.829079e+00	4.829079e+00
2.450000e+02	2.500000e+02	1.118000e+02	4.728636e+00	4.728636e+00
2.500000e+02	2.550000e+02	1.152000e+02	4.800000e+00	4.800000e+00
2.550000e+02	2.600000e+02	9.960000e+01	4.463183e+00	4.463183e+00
2.600000e+02	2.650000e+02	9.520000e+01	4.363485e+00	4.363485e+00
2.650000e+02	2.700000e+02	9.700000e+01	4.404543e+00	4.404543e+00
2.700000e+02	2.750000e+02	8.620000e+01	4.152108e+00	4.152108e+00
2.750000e+02	2.800000e+02	9.060000e+01	4.256759e+00	4.256759e+00
2.800000e+02	2.850000e+02	8.800000e+01	4.195235e+00	4.195235e+00
2.850000e+02	2.900000e+02	8.460000e+01	4.113393e+00	4.113393e+00
2.900000e+02	2.950000e+02	8.720000e+01	4.176123e+00	4.176123e+00
2.950000e+02	3.000000e+02	8.320000e+01	4.079216e+00	4.079216e+00
3.000000e+02	3.050000e+02	7.980000e+01	3.994997e+00	3.994997e+00
3.050000e+02	3.100000e+02	7.880000e+01	3.969887e+00	3.969887e+00
3.100000e+02	3.150000e+02	7.480000e+01	3.867816e+00	3.867816e+00
3.150000e+02	3.200000e+02	7.560000e+01	3.888444e+00	3.888444e+00
3.200000e+02	3.250000e+02	6.920000e+01	3.720215e+00	3.720215e+00
3.250000e+02	3.300000e+02	6.700000e+01	3.660601e+00	3.660601e+00
3.300000e+02	3.350000e+02	6.820000e+01	3.693237e+00	3.693237e+00
3.350000e+02	3.400000e+02	7.920000e+01	3.979950e+00	3.979950e+00
3.400000e+02	3.450000e+02	6.780000e+01	3.682391e+00	3.682391e+00
3.450000e+02	3.500000e+02	7.040000e+01	3.752333e+00	3.752333e+00
3.500000e+02	3.550000e+02	6.540000e+01	3.616628e+00	3.616628e+00
3.550000e+02	3.600000e+02	6.340000e+01	3.560899e+00	3.560899e+00
3.600000e+02	3.650000e+02	5.360000e+01	3.274141e+00	3.274141e+00
3.650000e+02	3.700000e+02	6.120000e+01	3.498571e+00	3.498571e+00
3.700000e+02	3.750000e+02	5.800000e+01	3.405877e+00	3.405877e+00
3.750000e+02	3.800000e+02	5.240000e+01	3.237283e+00	3.237283e+00
3.800000e+02	3.850000e+02	5.760000e+01	3.394113e+00	3.394113e+00
3.850000e+02	3.900000e+02	5.520000e+01	3.322650e+00	3.322650e+00
3.900000e+02	3.950000e+02	5.060000e+01	3.181195e+00	3.181195e+00
3.950000e+02	4.000000e+02	4.840000e+01	3.111270e+00	3.111270e+00
4.000000e+02	4.050000e+02	5.360000e+01	3.274141e+00	3.274141e+00
4.050000e+02	4.100000e+02	5.300000e+01	3.255764e+00	3.255764e+00
4.100000e+02	4.150000e+02	5.160000e+01	3.212476e+00	3.212476e+00
4.150000e+02	4.200000e+02	4.860000e+01	3.117691e+00	3.117691e+00
4.200000e+02	4.250000e+02	4.260000e+01	2.918904e+00	2.918904e+00
4.250000e+02	4.300000e+02	4.600000e+01	3.033150e+00	3.033150e+00
4.300000e+02	4.350000e+02	4.840000e+01	3.111270e+00	3.111270e+00
4.350000e+02	4.400000e+02	4.320000e+01	2.939388e+00	2.939388e+00
4.400000e+02	4.450000e+02	4.540000e+01	3.013304e+00	3.013304e+00
4.450000e+02	4.500000e+02	4.480000e+01	2.993326e+00	2.993326e+00
4.500000e+02	4.550000e+02	4.140000e+01	2.877499e+00	2.877499e+00
4.550000e+02	4.600000e+02	4.540000e+01	3.013304e+00	3.013304e+00
4.600000e+02	4.650000e+02	3.920000e+01	2.800000e+00	2.800000e+00
4.650000e+02	4.700000e+02	3.960000e+01	2.814249e+00	2.814249e+00
4.700000e+02	4.750000e+02	3.360000e+01	2.592296e+00	2.592296e+00
4.750000e+02	4.800000e+02	4.000000e+01	2.828427e+00	2.828427e+00
4.800000e+02	4.850000e+02	4.060000e+01	2.849561e+00	2.849561e+00
4.850000e+02	4.900000e+02	3.400000e+01	2.607681e+00	2.607681e+00
4.900000e+02	4.950000e+02	3.460000e+01	2.630589e+00	2.630589e+00
4.950000e+02	5.000000e+02	3.700000e+01	2.720294e+00	2.720294e+00
# END HISTO1D

# BEGIN HISTO1D //afs/cern.ch/user/d/dsatco/herbvi6500/yoda_files/40TeV_iproc7099_nnpdf30.yoda/MC_SUSY/pt-mu
ErrorBars=1
LineColor=orange
LineStyle=solid
Path=//afs/cern.ch/user/d/dsatco/herbvi6500/yoda_files/40TeV_iproc7099_nnpdf30.yoda/MC_SUSY/pt-mu
Title=nnpdf30
XLabel=
YLabel=
# xlow	 xhigh	 val	 errminus	 errplus
0.000000e+00	5.000000e+00	0.000000e+00	0.000000e+00	0.000000e+00
5.000000e+00	1.000000e+01	0.000000e+00	0.000000e+00	0.000000e+00
1.000000e+01	1.500000e+01	1.336400e+03	1.634870e+01	1.634870e+01
1.500000e+01	2.000000e+01	1.088800e+03	1.475669e+01	1.475669e+01
2.000000e+01	2.500000e+01	8.818000e+02	1.328006e+01	1.328006e+01
2.500000e+01	3.000000e+01	7.596000e+02	1.232558e+01	1.232558e+01
3.000000e+01	3.500000e+01	6.748000e+02	1.161723e+01	1.161723e+01
3.500000e+01	4.000000e+01	6.170000e+02	1.110856e+01	1.110856e+01
4.000000e+01	4.500000e+01	5.500000e+02	1.048809e+01	1.048809e+01
4.500000e+01	5.000000e+01	5.218000e+02	1.021567e+01	1.021567e+01
5.000000e+01	5.500000e+01	4.710000e+02	9.705668e+00	9.705668e+00
5.500000e+01	6.000000e+01	4.294000e+02	9.267146e+00	9.267146e+00
6.000000e+01	6.500000e+01	4.028000e+02	8.975522e+00	8.975522e+00
6.500000e+01	7.000000e+01	3.792000e+02	8.708616e+00	8.708616e+00
7.000000e+01	7.500000e+01	3.510000e+02	8.378544e+00	8.378544e+00
7.500000e+01	8.000000e+01	3.320000e+02	8.148620e+00	8.148620e+00
8.000000e+01	8.500000e+01	3.192000e+02	7.989994e+00	7.989994e+00
8.500000e+01	9.000000e+01	3.160000e+02	7.949843e+00	7.949843e+00
9.000000e+01	9.500000e+01	2.866000e+02	7.570997e+00	7.570997e+00
9.500000e+01	1.000000e+02	2.770000e+02	7.443118e+00	7.443118e+00
1.000000e+02	1.050000e+02	2.676000e+02	7.315736e+00	7.315736e+00
1.050000e+02	1.100000e+02	2.544000e+02	7.133022e+00	7.133022e+00
1.100000e+02	1.150000e+02	2.522000e+02	7.102112e+00	7.102112e+00
1.150000e+02	1.200000e+02	2.382000e+02	6.902174e+00	6.902174e+00
1.200000e+02	1.250000e+02	2.330000e+02	6.826419e+00	6.826419e+00
1.250000e+02	1.300000e+02	2.198000e+02	6.630234e+00	6.630234e+00
1.300000e+02	1.350000e+02	2.182000e+02	6.606058e+00	6.606058e+00
1.350000e+02	1.400000e+02	2.034000e+02	6.378087e+00	6.378087e+00
1.400000e+02	1.450000e+02	1.854000e+02	6.089335e+00	6.089335e+00
1.450000e+02	1.500000e+02	1.974000e+02	6.283311e+00	6.283311e+00
1.500000e+02	1.550000e+02	1.940000e+02	6.228965e+00	6.228965e+00
1.550000e+02	1.600000e+02	1.822000e+02	6.036555e+00	6.036555e+00
1.600000e+02	1.650000e+02	1.778000e+02	5.963221e+00	5.963221e+00
1.650000e+02	1.700000e+02	1.644000e+02	5.734108e+00	5.734108e+00
1.700000e+02	1.750000e+02	1.736000e+02	5.892368e+00	5.892368e+00
1.750000e+02	1.800000e+02	1.542000e+02	5.553377e+00	5.553377e+00
1.800000e+02	1.850000e+02	1.628000e+02	5.706137e+00	5.706137e+00
1.850000e+02	1.900000e+02	1.600000e+02	5.656854e+00	5.656854e+00
1.900000e+02	1.950000e+02	1.524000e+02	5.520869e+00	5.520869e+00
1.950000e+02	2.000000e+02	1.366000e+02	5.226854e+00	5.226854e+00
2.000000e+02	2.050000e+02	1.446000e+02	5.377732e+00	5.377732e+00
2.050000e+02	2.100000e+02	1.368000e+02	5.230679e+00	5.230679e+00
2.100000e+02	2.150000e+02	1.388000e+02	5.268776e+00	5.268776e+00
2.150000e+02	2.200000e+02	1.280000e+02	5.059644e+00	5.059644e+00
2.200000e+02	2.250000e+02	1.214000e+02	4.927474e+00	4.927474e+00
2.250000e+02	2.300000e+02	1.168000e+02	4.833218e+00	4.833218e+00
2.300000e+02	2.350000e+02	1.226000e+02	4.951767e+00	4.951767e+00
2.350000e+02	2.400000e+02	1.188000e+02	4.874423e+00	4.874423e+00
2.400000e+02	2.450000e+02	1.116000e+02	4.724405e+00	4.724405e+00
2.450000e+02	2.500000e+02	1.122000e+02	4.737088e+00	4.737088e+00
2.500000e+02	2.550000e+02	1.112000e+02	4.715930e+00	4.715930e+00
2.550000e+02	2.600000e+02	1.018000e+02	4.512206e+00	4.512206e+00
2.600000e+02	2.650000e+02	9.920000e+01	4.454211e+00	4.454211e+00
2.650000e+02	2.700000e+02	1.002000e+02	4.476606e+00	4.476606e+00
2.700000e+02	2.750000e+02	1.014000e+02	4.503332e+00	4.503332e+00
2.750000e+02	2.800000e+02	9.720000e+01	4.409082e+00	4.409082e+00
2.800000e+02	2.850000e+02	9.060000e+01	4.256759e+00	4.256759e+00
2.850000e+02	2.900000e+02	8.940000e+01	4.228475e+00	4.228475e+00
2.900000e+02	2.950000e+02	8.080000e+01	4.019950e+00	4.019950e+00
2.950000e+02	3.000000e+02	8.540000e+01	4.132796e+00	4.132796e+00
3.000000e+02	3.050000e+02	8.220000e+01	4.054627e+00	4.054627e+00
3.050000e+02	3.100000e+02	7.560000e+01	3.888444e+00	3.888444e+00
3.100000e+02	3.150000e+02	7.980000e+01	3.994997e+00	3.994997e+00
3.150000e+02	3.200000e+02	7.980000e+01	3.994997e+00	3.994997e+00
3.200000e+02	3.250000e+02	7.700000e+01	3.924283e+00	3.924283e+00
3.250000e+02	3.300000e+02	7.380000e+01	3.841875e+00	3.841875e+00
3.300000e+02	3.350000e+02	7.620000e+01	3.903844e+00	3.903844e+00
3.350000e+02	3.400000e+02	7.020000e+01	3.746999e+00	3.746999e+00
3.400000e+02	3.450000e+02	6.800000e+01	3.687818e+00	3.687818e+00
3.450000e+02	3.500000e+02	6.200000e+01	3.521363e+00	3.521363e+00
3.500000e+02	3.550000e+02	6.080000e+01	3.487119e+00	3.487119e+00
3.550000e+02	3.600000e+02	6.460000e+01	3.594440e+00	3.594440e+00
3.600000e+02	3.650000e+02	5.680000e+01	3.370460e+00	3.370460e+00
3.650000e+02	3.700000e+02	6.060000e+01	3.481379e+00	3.481379e+00
3.700000e+02	3.750000e+02	5.760000e+01	3.394113e+00	3.394113e+00
3.750000e+02	3.800000e+02	5.740000e+01	3.388215e+00	3.388215e+00
3.800000e+02	3.850000e+02	4.880000e+01	3.124100e+00	3.124100e+00
3.850000e+02	3.900000e+02	5.880000e+01	3.429286e+00	3.429286e+00
3.900000e+02	3.950000e+02	5.360000e+01	3.274141e+00	3.274141e+00
3.950000e+02	4.000000e+02	5.460000e+01	3.304542e+00	3.304542e+00
4.000000e+02	4.050000e+02	4.700000e+01	3.065942e+00	3.065942e+00
4.050000e+02	4.100000e+02	4.960000e+01	3.149603e+00	3.149603e+00
4.100000e+02	4.150000e+02	5.120000e+01	3.200000e+00	3.200000e+00
4.150000e+02	4.200000e+02	4.260000e+01	2.918904e+00	2.918904e+00
4.200000e+02	4.250000e+02	4.840000e+01	3.111270e+00	3.111270e+00
4.250000e+02	4.300000e+02	4.500000e+01	3.000000e+00	3.000000e+00
4.300000e+02	4.350000e+02	4.420000e+01	2.973214e+00	2.973214e+00
4.350000e+02	4.400000e+02	4.660000e+01	3.052868e+00	3.052868e+00
4.400000e+02	4.450000e+02	4.680000e+01	3.059412e+00	3.059412e+00
4.450000e+02	4.500000e+02	4.180000e+01	2.891366e+00	2.891366e+00
4.500000e+02	4.550000e+02	4.380000e+01	2.959730e+00	2.959730e+00
4.550000e+02	4.600000e+02	4.560000e+01	3.019934e+00	3.019934e+00
4.600000e+02	4.650000e+02	3.980000e+01	2.821347e+00	2.821347e+00
4.650000e+02	4.700000e+02	3.520000e+01	2.653300e+00	2.653300e+00
4.700000e+02	4.750000e+02	3.680000e+01	2.712932e+00	2.712932e+00
4.750000e+02	4.800000e+02	3.100000e+01	2.489980e+00	2.489980e+00
4.800000e+02	4.850000e+02	3.680000e+01	2.712932e+00	2.712932e+00
4.850000e+02	4.900000e+02	3.360000e+01	2.592296e+00	2.592296e+00
4.900000e+02	4.950000e+02	3.760000e+01	2.742262e+00	2.742262e+00
4.950000e+02	5.000000e+02	3.320000e+01	2.576820e+00	2.576820e+00
# END HISTO1D

