# BEGIN PLOT
RatioPlotYLabel=Ratio
LegendOnly=//afs/cern.ch/user/d/dsatco/herbvi6500/yoda_files/40TeV_iproc7099_20t_ev.yoda/MC_SUSY/pt-trk //afs/cern.ch/user/d/dsatco/herbvi6500/yoda_files/40TeV_iproc7099_ct14nlo.yoda/MC_SUSY/pt-trk //afs/cern.ch/user/d/dsatco/herbvi6500/yoda_files/40TeV_iproc7099_mmht2014.yoda/MC_SUSY/pt-trk //afs/cern.ch/user/d/dsatco/herbvi6500/yoda_files/40TeV_iproc7099_nnpdf30.yoda/MC_SUSY/pt-trk
XLabel=$p_\perp$
RatioPlotReference=//afs/cern.ch/user/d/dsatco/herbvi6500/yoda_files/40TeV_iproc7099_20t_ev.yoda/MC_SUSY/pt-trk
YLabel=$\mathrm{d}N_\text{ch}/\mathrm{d}p_\perp$
DrawOnly=//afs/cern.ch/user/d/dsatco/herbvi6500/yoda_files/40TeV_iproc7099_20t_ev.yoda/MC_SUSY/pt-trk //afs/cern.ch/user/d/dsatco/herbvi6500/yoda_files/40TeV_iproc7099_ct14nlo.yoda/MC_SUSY/pt-trk //afs/cern.ch/user/d/dsatco/herbvi6500/yoda_files/40TeV_iproc7099_mmht2014.yoda/MC_SUSY/pt-trk //afs/cern.ch/user/d/dsatco/herbvi6500/yoda_files/40TeV_iproc7099_nnpdf30.yoda/MC_SUSY/pt-trk
RatioPlot=1
Title=$p_\perp$ distribution for charged tracks
Legend=1
LogY=1
# END PLOT

# BEGIN HISTO1D //afs/cern.ch/user/d/dsatco/herbvi6500/yoda_files/40TeV_iproc7099_20t_ev.yoda/MC_SUSY/pt-trk
ErrorBars=1
LineColor=red
LineStyle=solid
Path=//afs/cern.ch/user/d/dsatco/herbvi6500/yoda_files/40TeV_iproc7099_20t_ev.yoda/MC_SUSY/pt-trk
Title=mstw1998
XLabel=
YLabel=
# xlow	 xhigh	 val	 errminus	 errplus
0.000000e+00	1.500000e+01	5.561787e+04	6.089218e+01	6.089218e+01
1.500000e+01	3.000000e+01	7.221300e+04	6.938444e+01	6.938444e+01
3.000000e+01	4.500000e+01	2.895413e+04	4.393490e+01	4.393490e+01
4.500000e+01	6.000000e+01	1.529847e+04	3.193584e+01	3.193584e+01
6.000000e+01	7.500000e+01	9.276867e+03	2.486881e+01	2.486881e+01
7.500000e+01	9.000000e+01	6.081867e+03	2.013598e+01	2.013598e+01
9.000000e+01	1.050000e+02	4.297400e+03	1.692611e+01	1.692611e+01
1.050000e+02	1.200000e+02	3.163400e+03	1.452217e+01	1.452217e+01
1.200000e+02	1.350000e+02	2.368733e+03	1.256645e+01	1.256645e+01
1.350000e+02	1.500000e+02	1.873333e+03	1.117537e+01	1.117537e+01
1.500000e+02	1.650000e+02	1.496067e+03	9.986880e+00	9.986880e+00
1.650000e+02	1.800000e+02	1.202600e+03	8.953956e+00	8.953956e+00
1.800000e+02	1.950000e+02	1.005200e+03	8.186167e+00	8.186167e+00
1.950000e+02	2.100000e+02	8.335333e+02	7.454454e+00	7.454454e+00
2.100000e+02	2.250000e+02	7.029333e+02	6.845599e+00	6.845599e+00
2.250000e+02	2.400000e+02	6.032667e+02	6.341749e+00	6.341749e+00
2.400000e+02	2.550000e+02	5.299333e+02	5.943811e+00	5.943811e+00
2.550000e+02	2.700000e+02	4.584667e+02	5.528512e+00	5.528512e+00
2.700000e+02	2.850000e+02	4.024667e+02	5.179876e+00	5.179876e+00
2.850000e+02	3.000000e+02	3.518667e+02	4.843323e+00	4.843323e+00
3.000000e+02	3.150000e+02	3.085333e+02	4.535294e+00	4.535294e+00
3.150000e+02	3.300000e+02	2.786667e+02	4.310195e+00	4.310195e+00
3.300000e+02	3.450000e+02	2.532000e+02	4.108528e+00	4.108528e+00
3.450000e+02	3.600000e+02	2.192000e+02	3.822739e+00	3.822739e+00
3.600000e+02	3.750000e+02	2.032667e+02	3.681183e+00	3.681183e+00
3.750000e+02	3.900000e+02	1.832000e+02	3.494758e+00	3.494758e+00
3.900000e+02	4.050000e+02	1.670667e+02	3.337331e+00	3.337331e+00
4.050000e+02	4.200000e+02	1.506000e+02	3.168596e+00	3.168596e+00
4.200000e+02	4.350000e+02	1.415333e+02	3.071735e+00	3.071735e+00
4.350000e+02	4.500000e+02	1.206000e+02	2.835489e+00	2.835489e+00
4.500000e+02	4.650000e+02	1.149333e+02	2.768072e+00	2.768072e+00
4.650000e+02	4.800000e+02	1.048667e+02	2.644071e+00	2.644071e+00
4.800000e+02	4.950000e+02	9.726667e+01	2.546457e+00	2.546457e+00
4.950000e+02	5.100000e+02	8.966667e+01	2.444949e+00	2.444949e+00
5.100000e+02	5.250000e+02	8.300000e+01	2.352304e+00	2.352304e+00
5.250000e+02	5.400000e+02	7.540000e+01	2.242023e+00	2.242023e+00
5.400000e+02	5.550000e+02	6.760000e+01	2.122891e+00	2.122891e+00
5.550000e+02	5.700000e+02	6.326667e+01	2.053723e+00	2.053723e+00
5.700000e+02	5.850000e+02	6.280000e+01	2.046135e+00	2.046135e+00
5.850000e+02	6.000000e+02	5.693333e+01	1.948219e+00	1.948219e+00
6.000000e+02	6.150000e+02	5.200000e+01	1.861899e+00	1.861899e+00
6.150000e+02	6.300000e+02	4.593333e+01	1.749921e+00	1.749921e+00
6.300000e+02	6.450000e+02	4.460000e+01	1.724336e+00	1.724336e+00
6.450000e+02	6.600000e+02	3.846667e+01	1.601388e+00	1.601388e+00
6.600000e+02	6.750000e+02	3.740000e+01	1.579029e+00	1.579029e+00
6.750000e+02	6.900000e+02	3.546667e+01	1.537675e+00	1.537675e+00
6.900000e+02	7.050000e+02	3.400000e+01	1.505545e+00	1.505545e+00
7.050000e+02	7.200000e+02	3.113333e+01	1.440679e+00	1.440679e+00
7.200000e+02	7.350000e+02	3.060000e+01	1.428286e+00	1.428286e+00
7.350000e+02	7.500000e+02	2.580000e+01	1.311488e+00	1.311488e+00
7.500000e+02	7.650000e+02	2.540000e+01	1.301281e+00	1.301281e+00
7.650000e+02	7.800000e+02	2.300000e+01	1.238278e+00	1.238278e+00
7.800000e+02	7.950000e+02	1.953333e+01	1.141150e+00	1.141150e+00
7.950000e+02	8.100000e+02	1.993333e+01	1.152774e+00	1.152774e+00
8.100000e+02	8.250000e+02	1.946667e+01	1.139200e+00	1.139200e+00
8.250000e+02	8.400000e+02	1.840000e+01	1.107550e+00	1.107550e+00
8.400000e+02	8.550000e+02	1.573333e+01	1.024153e+00	1.024153e+00
8.550000e+02	8.700000e+02	1.600000e+01	1.032796e+00	1.032796e+00
8.700000e+02	8.850000e+02	1.546667e+01	1.015436e+00	1.015436e+00
8.850000e+02	9.000000e+02	1.533333e+01	1.011050e+00	1.011050e+00
9.000000e+02	9.150000e+02	1.166667e+01	8.819171e-01	8.819171e-01
9.150000e+02	9.300000e+02	1.260000e+01	9.165151e-01	9.165151e-01
9.300000e+02	9.450000e+02	9.666667e+00	8.027730e-01	8.027730e-01
9.450000e+02	9.600000e+02	1.066667e+01	8.432740e-01	8.432740e-01
9.600000e+02	9.750000e+02	9.333333e+00	7.888106e-01	7.888106e-01
9.750000e+02	9.900000e+02	1.146667e+01	8.743251e-01	8.743251e-01
9.900000e+02	1.005000e+03	8.466667e+00	7.512952e-01	7.512952e-01
1.005000e+03	1.020000e+03	8.266667e+00	7.423686e-01	7.423686e-01
1.020000e+03	1.035000e+03	8.000000e+00	7.302967e-01	7.302967e-01
1.035000e+03	1.050000e+03	6.733333e+00	6.699917e-01	6.699917e-01
1.050000e+03	1.065000e+03	7.133333e+00	6.896054e-01	6.896054e-01
1.065000e+03	1.080000e+03	6.800000e+00	6.733003e-01	6.733003e-01
1.080000e+03	1.095000e+03	5.266667e+00	5.925463e-01	5.925463e-01
1.095000e+03	1.110000e+03	5.000000e+00	5.773503e-01	5.773503e-01
1.110000e+03	1.125000e+03	5.133333e+00	5.849976e-01	5.849976e-01
1.125000e+03	1.140000e+03	4.733333e+00	5.617433e-01	5.617433e-01
1.140000e+03	1.155000e+03	4.866667e+00	5.696002e-01	5.696002e-01
1.155000e+03	1.170000e+03	4.600000e+00	5.537749e-01	5.537749e-01
1.170000e+03	1.185000e+03	3.800000e+00	5.033223e-01	5.033223e-01
1.185000e+03	1.200000e+03	4.200000e+00	5.291503e-01	5.291503e-01
1.200000e+03	1.215000e+03	4.400000e+00	5.416026e-01	5.416026e-01
1.215000e+03	1.230000e+03	3.066667e+00	4.521553e-01	4.521553e-01
1.230000e+03	1.245000e+03	3.400000e+00	4.760952e-01	4.760952e-01
1.245000e+03	1.260000e+03	3.133333e+00	4.570436e-01	4.570436e-01
1.260000e+03	1.275000e+03	2.933333e+00	4.422166e-01	4.422166e-01
1.275000e+03	1.290000e+03	3.133333e+00	4.570436e-01	4.570436e-01
1.290000e+03	1.305000e+03	2.400000e+00	4.000000e-01	4.000000e-01
1.305000e+03	1.320000e+03	1.466667e+00	3.126944e-01	3.126944e-01
1.320000e+03	1.335000e+03	2.000000e+00	3.651484e-01	3.651484e-01
1.335000e+03	1.350000e+03	1.933333e+00	3.590110e-01	3.590110e-01
1.350000e+03	1.365000e+03	1.266667e+00	2.905933e-01	2.905933e-01
1.365000e+03	1.380000e+03	1.533333e+00	3.197221e-01	3.197221e-01
1.380000e+03	1.395000e+03	2.066667e+00	3.711843e-01	3.711843e-01
1.395000e+03	1.410000e+03	1.066667e+00	2.666667e-01	2.666667e-01
1.410000e+03	1.425000e+03	1.400000e+00	3.055050e-01	3.055050e-01
1.425000e+03	1.440000e+03	1.266667e+00	2.905933e-01	2.905933e-01
1.440000e+03	1.455000e+03	1.133333e+00	2.748737e-01	2.748737e-01
1.455000e+03	1.470000e+03	6.666667e-01	2.108185e-01	2.108185e-01
1.470000e+03	1.485000e+03	1.200000e+00	2.828427e-01	2.828427e-01
1.485000e+03	1.500000e+03	1.133333e+00	2.748737e-01	2.748737e-01
# END HISTO1D

# BEGIN HISTO1D //afs/cern.ch/user/d/dsatco/herbvi6500/yoda_files/40TeV_iproc7099_ct14nlo.yoda/MC_SUSY/pt-trk
ErrorBars=1
LineColor=blue
LineStyle=solid
Path=//afs/cern.ch/user/d/dsatco/herbvi6500/yoda_files/40TeV_iproc7099_ct14nlo.yoda/MC_SUSY/pt-trk
Title=ct14nlo
XLabel=
YLabel=
# xlow	 xhigh	 val	 errminus	 errplus
0.000000e+00	1.500000e+01	5.535847e+04	6.075002e+01	6.075002e+01
1.500000e+01	3.000000e+01	7.188387e+04	6.922614e+01	6.922614e+01
3.000000e+01	4.500000e+01	2.883213e+04	4.384224e+01	4.384224e+01
4.500000e+01	6.000000e+01	1.520387e+04	3.183695e+01	3.183695e+01
6.000000e+01	7.500000e+01	9.280933e+03	2.487426e+01	2.487426e+01
7.500000e+01	9.000000e+01	6.081533e+03	2.013543e+01	2.013543e+01
9.000000e+01	1.050000e+02	4.260200e+03	1.685270e+01	1.685270e+01
1.050000e+02	1.200000e+02	3.143133e+03	1.447557e+01	1.447557e+01
1.200000e+02	1.350000e+02	2.369200e+03	1.256768e+01	1.256768e+01
1.350000e+02	1.500000e+02	1.854467e+03	1.111895e+01	1.111895e+01
1.500000e+02	1.650000e+02	1.466667e+03	9.888265e+00	9.888265e+00
1.650000e+02	1.800000e+02	1.199067e+03	8.940793e+00	8.940793e+00
1.800000e+02	1.950000e+02	9.874000e+02	8.113363e+00	8.113363e+00
1.950000e+02	2.100000e+02	8.358000e+02	7.464583e+00	7.464583e+00
2.100000e+02	2.250000e+02	6.980000e+02	6.821535e+00	6.821535e+00
2.250000e+02	2.400000e+02	6.205333e+02	6.431865e+00	6.431865e+00
2.400000e+02	2.550000e+02	5.272000e+02	5.928462e+00	5.928462e+00
2.550000e+02	2.700000e+02	4.528667e+02	5.494644e+00	5.494644e+00
2.700000e+02	2.850000e+02	3.951333e+02	5.132467e+00	5.132467e+00
2.850000e+02	3.000000e+02	3.444000e+02	4.791659e+00	4.791659e+00
3.000000e+02	3.150000e+02	3.082667e+02	4.533333e+00	4.533333e+00
3.150000e+02	3.300000e+02	2.763333e+02	4.292112e+00	4.292112e+00
3.300000e+02	3.450000e+02	2.444667e+02	4.037051e+00	4.037051e+00
3.450000e+02	3.600000e+02	2.186000e+02	3.817504e+00	3.817504e+00
3.600000e+02	3.750000e+02	2.005333e+02	3.656349e+00	3.656349e+00
3.750000e+02	3.900000e+02	1.838000e+02	3.500476e+00	3.500476e+00
3.900000e+02	4.050000e+02	1.674000e+02	3.340659e+00	3.340659e+00
4.050000e+02	4.200000e+02	1.554667e+02	3.219386e+00	3.219386e+00
4.200000e+02	4.350000e+02	1.344000e+02	2.993326e+00	2.993326e+00
4.350000e+02	4.500000e+02	1.253333e+02	2.890598e+00	2.890598e+00
4.500000e+02	4.650000e+02	1.142000e+02	2.759227e+00	2.759227e+00
4.650000e+02	4.800000e+02	1.088000e+02	2.693201e+00	2.693201e+00
4.800000e+02	4.950000e+02	9.513333e+01	2.518377e+00	2.518377e+00
4.950000e+02	5.100000e+02	8.880000e+01	2.433105e+00	2.433105e+00
5.100000e+02	5.250000e+02	8.180000e+01	2.335237e+00	2.335237e+00
5.250000e+02	5.400000e+02	7.680000e+01	2.262742e+00	2.262742e+00
5.400000e+02	5.550000e+02	6.913333e+01	2.146832e+00	2.146832e+00
5.550000e+02	5.700000e+02	6.160000e+01	2.026491e+00	2.026491e+00
5.700000e+02	5.850000e+02	5.873333e+01	1.978776e+00	1.978776e+00
5.850000e+02	6.000000e+02	5.346667e+01	1.887974e+00	1.887974e+00
6.000000e+02	6.150000e+02	4.680000e+01	1.766352e+00	1.766352e+00
6.150000e+02	6.300000e+02	4.566667e+01	1.744834e+00	1.744834e+00
6.300000e+02	6.450000e+02	4.440000e+01	1.720465e+00	1.720465e+00
6.450000e+02	6.600000e+02	4.606667e+01	1.752459e+00	1.752459e+00
6.600000e+02	6.750000e+02	3.740000e+01	1.579029e+00	1.579029e+00
6.750000e+02	6.900000e+02	3.660000e+01	1.562050e+00	1.562050e+00
6.900000e+02	7.050000e+02	3.046667e+01	1.425171e+00	1.425171e+00
7.050000e+02	7.200000e+02	2.906667e+01	1.392041e+00	1.392041e+00
7.200000e+02	7.350000e+02	2.773333e+01	1.359739e+00	1.359739e+00
7.350000e+02	7.500000e+02	2.593333e+01	1.314872e+00	1.314872e+00
7.500000e+02	7.650000e+02	2.580000e+01	1.311488e+00	1.311488e+00
7.650000e+02	7.800000e+02	2.380000e+01	1.259630e+00	1.259630e+00
7.800000e+02	7.950000e+02	1.840000e+01	1.107550e+00	1.107550e+00
7.950000e+02	8.100000e+02	1.946667e+01	1.139200e+00	1.139200e+00
8.100000e+02	8.250000e+02	1.986667e+01	1.150845e+00	1.150845e+00
8.250000e+02	8.400000e+02	1.693333e+01	1.062492e+00	1.062492e+00
8.400000e+02	8.550000e+02	1.900000e+01	1.125463e+00	1.125463e+00
8.550000e+02	8.700000e+02	1.366667e+01	9.545214e-01	9.545214e-01
8.700000e+02	8.850000e+02	1.420000e+01	9.729680e-01	9.729680e-01
8.850000e+02	9.000000e+02	1.360000e+01	9.521905e-01	9.521905e-01
9.000000e+02	9.150000e+02	1.280000e+01	9.237604e-01	9.237604e-01
9.150000e+02	9.300000e+02	1.220000e+01	9.018500e-01	9.018500e-01
9.300000e+02	9.450000e+02	1.273333e+01	9.213517e-01	9.213517e-01
9.450000e+02	9.600000e+02	1.080000e+01	8.485281e-01	8.485281e-01
9.600000e+02	9.750000e+02	1.046667e+01	8.353309e-01	8.353309e-01
9.750000e+02	9.900000e+02	7.600000e+00	7.118052e-01	7.118052e-01
9.900000e+02	1.005000e+03	7.733333e+00	7.180220e-01	7.180220e-01
1.005000e+03	1.020000e+03	9.200000e+00	7.831560e-01	7.831560e-01
1.020000e+03	1.035000e+03	7.200000e+00	6.928203e-01	6.928203e-01
1.035000e+03	1.050000e+03	8.466667e+00	7.512952e-01	7.512952e-01
1.050000e+03	1.065000e+03	5.933333e+00	6.289321e-01	6.289321e-01
1.065000e+03	1.080000e+03	6.000000e+00	6.324555e-01	6.324555e-01
1.080000e+03	1.095000e+03	5.866667e+00	6.253888e-01	6.253888e-01
1.095000e+03	1.110000e+03	5.200000e+00	5.887841e-01	5.887841e-01
1.110000e+03	1.125000e+03	4.066667e+00	5.206833e-01	5.206833e-01
1.125000e+03	1.140000e+03	4.133333e+00	5.249339e-01	5.249339e-01
1.140000e+03	1.155000e+03	4.200000e+00	5.291503e-01	5.291503e-01
1.155000e+03	1.170000e+03	3.933333e+00	5.120764e-01	5.120764e-01
1.170000e+03	1.185000e+03	3.533333e+00	4.853407e-01	4.853407e-01
1.185000e+03	1.200000e+03	4.133333e+00	5.249339e-01	5.249339e-01
1.200000e+03	1.215000e+03	3.666667e+00	4.944132e-01	4.944132e-01
1.215000e+03	1.230000e+03	3.933333e+00	5.120764e-01	5.120764e-01
1.230000e+03	1.245000e+03	3.266667e+00	4.666667e-01	4.666667e-01
1.245000e+03	1.260000e+03	2.400000e+00	4.000000e-01	4.000000e-01
1.260000e+03	1.275000e+03	2.600000e+00	4.163332e-01	4.163332e-01
1.275000e+03	1.290000e+03	2.333333e+00	3.944053e-01	3.944053e-01
1.290000e+03	1.305000e+03	1.933333e+00	3.590110e-01	3.590110e-01
1.305000e+03	1.320000e+03	2.933333e+00	4.422166e-01	4.422166e-01
1.320000e+03	1.335000e+03	1.800000e+00	3.464102e-01	3.464102e-01
1.335000e+03	1.350000e+03	1.733333e+00	3.399346e-01	3.399346e-01
1.350000e+03	1.365000e+03	1.600000e+00	3.265986e-01	3.265986e-01
1.365000e+03	1.380000e+03	1.533333e+00	3.197221e-01	3.197221e-01
1.380000e+03	1.395000e+03	8.666667e-01	2.403701e-01	2.403701e-01
1.395000e+03	1.410000e+03	2.000000e+00	3.651484e-01	3.651484e-01
1.410000e+03	1.425000e+03	1.133333e+00	2.748737e-01	2.748737e-01
1.425000e+03	1.440000e+03	1.066667e+00	2.666667e-01	2.666667e-01
1.440000e+03	1.455000e+03	1.200000e+00	2.828427e-01	2.828427e-01
1.455000e+03	1.470000e+03	1.533333e+00	3.197221e-01	3.197221e-01
1.470000e+03	1.485000e+03	9.333333e-01	2.494438e-01	2.494438e-01
1.485000e+03	1.500000e+03	4.666667e-01	1.763834e-01	1.763834e-01
# END HISTO1D

# BEGIN HISTO1D //afs/cern.ch/user/d/dsatco/herbvi6500/yoda_files/40TeV_iproc7099_mmht2014.yoda/MC_SUSY/pt-trk
ErrorBars=1
LineColor=green
LineStyle=solid
Path=//afs/cern.ch/user/d/dsatco/herbvi6500/yoda_files/40TeV_iproc7099_mmht2014.yoda/MC_SUSY/pt-trk
Title=mmht2014
XLabel=
YLabel=
# xlow	 xhigh	 val	 errminus	 errplus
0.000000e+00	1.500000e+01	5.535647e+04	6.074892e+01	6.074892e+01
1.500000e+01	3.000000e+01	7.176960e+04	6.917109e+01	6.917109e+01
3.000000e+01	4.500000e+01	2.879140e+04	4.381126e+01	4.381126e+01
4.500000e+01	6.000000e+01	1.521193e+04	3.184539e+01	3.184539e+01
6.000000e+01	7.500000e+01	9.206800e+03	2.477472e+01	2.477472e+01
7.500000e+01	9.000000e+01	6.099000e+03	2.016432e+01	2.016432e+01
9.000000e+01	1.050000e+02	4.258600e+03	1.684953e+01	1.684953e+01
1.050000e+02	1.200000e+02	3.133200e+03	1.445268e+01	1.445268e+01
1.200000e+02	1.350000e+02	2.396267e+03	1.263927e+01	1.263927e+01
1.350000e+02	1.500000e+02	1.822533e+03	1.102280e+01	1.102280e+01
1.500000e+02	1.650000e+02	1.477133e+03	9.923485e+00	9.923485e+00
1.650000e+02	1.800000e+02	1.212067e+03	8.989129e+00	8.989129e+00
1.800000e+02	1.950000e+02	9.973333e+02	8.154072e+00	8.154072e+00
1.950000e+02	2.100000e+02	8.328667e+02	7.451473e+00	7.451473e+00
2.100000e+02	2.250000e+02	6.878667e+02	6.771837e+00	6.771837e+00
2.250000e+02	2.400000e+02	5.904667e+02	6.274109e+00	6.274109e+00
2.400000e+02	2.550000e+02	5.246667e+02	5.914201e+00	5.914201e+00
2.550000e+02	2.700000e+02	4.462667e+02	5.454458e+00	5.454458e+00
2.700000e+02	2.850000e+02	3.931333e+02	5.119462e+00	5.119462e+00
2.850000e+02	3.000000e+02	3.434667e+02	4.785162e+00	4.785162e+00
3.000000e+02	3.150000e+02	3.064667e+02	4.520079e+00	4.520079e+00
3.150000e+02	3.300000e+02	2.703333e+02	4.245259e+00	4.245259e+00
3.300000e+02	3.450000e+02	2.469333e+02	4.057366e+00	4.057366e+00
3.450000e+02	3.600000e+02	2.226667e+02	3.852849e+00	3.852849e+00
3.600000e+02	3.750000e+02	1.957333e+02	3.612325e+00	3.612325e+00
3.750000e+02	3.900000e+02	1.747333e+02	3.413047e+00	3.413047e+00
3.900000e+02	4.050000e+02	1.560667e+02	3.225592e+00	3.225592e+00
4.050000e+02	4.200000e+02	1.513333e+02	3.176301e+00	3.176301e+00
4.200000e+02	4.350000e+02	1.336667e+02	2.985148e+00	2.985148e+00
4.350000e+02	4.500000e+02	1.280667e+02	2.921948e+00	2.921948e+00
4.500000e+02	4.650000e+02	1.128000e+02	2.742262e+00	2.742262e+00
4.650000e+02	4.800000e+02	9.953333e+01	2.575957e+00	2.575957e+00
4.800000e+02	4.950000e+02	9.620000e+01	2.532456e+00	2.532456e+00
4.950000e+02	5.100000e+02	8.440000e+01	2.372060e+00	2.372060e+00
5.100000e+02	5.250000e+02	8.360000e+01	2.360791e+00	2.360791e+00
5.250000e+02	5.400000e+02	7.613333e+01	2.252899e+00	2.252899e+00
5.400000e+02	5.550000e+02	7.213333e+01	2.192918e+00	2.192918e+00
5.550000e+02	5.700000e+02	6.333333e+01	2.054805e+00	2.054805e+00
5.700000e+02	5.850000e+02	6.126667e+01	2.021001e+00	2.021001e+00
5.850000e+02	6.000000e+02	5.773333e+01	1.961859e+00	1.961859e+00
6.000000e+02	6.150000e+02	4.913333e+01	1.809850e+00	1.809850e+00
6.150000e+02	6.300000e+02	4.920000e+01	1.811077e+00	1.811077e+00
6.300000e+02	6.450000e+02	4.446667e+01	1.721756e+00	1.721756e+00
6.450000e+02	6.600000e+02	4.246667e+01	1.682591e+00	1.682591e+00
6.600000e+02	6.750000e+02	3.713333e+01	1.573390e+00	1.573390e+00
6.750000e+02	6.900000e+02	3.746667e+01	1.580436e+00	1.580436e+00
6.900000e+02	7.050000e+02	3.393333e+01	1.504069e+00	1.504069e+00
7.050000e+02	7.200000e+02	3.200000e+01	1.460593e+00	1.460593e+00
7.200000e+02	7.350000e+02	2.820000e+01	1.371131e+00	1.371131e+00
7.350000e+02	7.500000e+02	2.600000e+01	1.316561e+00	1.316561e+00
7.500000e+02	7.650000e+02	2.600000e+01	1.316561e+00	1.316561e+00
7.650000e+02	7.800000e+02	2.486667e+01	1.287547e+00	1.287547e+00
7.800000e+02	7.950000e+02	2.260000e+01	1.227464e+00	1.227464e+00
7.950000e+02	8.100000e+02	1.933333e+01	1.135292e+00	1.135292e+00
8.100000e+02	8.250000e+02	2.040000e+01	1.166190e+00	1.166190e+00
8.250000e+02	8.400000e+02	1.626667e+01	1.041367e+00	1.041367e+00
8.400000e+02	8.550000e+02	1.606667e+01	1.034945e+00	1.034945e+00
8.550000e+02	8.700000e+02	1.493333e+01	9.977753e-01	9.977753e-01
8.700000e+02	8.850000e+02	1.446667e+01	9.820613e-01	9.820613e-01
8.850000e+02	9.000000e+02	1.193333e+01	8.919392e-01	8.919392e-01
9.000000e+02	9.150000e+02	1.266667e+01	9.189366e-01	9.189366e-01
9.150000e+02	9.300000e+02	1.146667e+01	8.743251e-01	8.743251e-01
9.300000e+02	9.450000e+02	1.000000e+01	8.164966e-01	8.164966e-01
9.450000e+02	9.600000e+02	9.466667e+00	7.944250e-01	7.944250e-01
9.600000e+02	9.750000e+02	9.933333e+00	8.137704e-01	8.137704e-01
9.750000e+02	9.900000e+02	1.046667e+01	8.353309e-01	8.353309e-01
9.900000e+02	1.005000e+03	8.733333e+00	7.630349e-01	7.630349e-01
1.005000e+03	1.020000e+03	6.800000e+00	6.733003e-01	6.733003e-01
1.020000e+03	1.035000e+03	7.200000e+00	6.928203e-01	6.928203e-01
1.035000e+03	1.050000e+03	6.800000e+00	6.733003e-01	6.733003e-01
1.050000e+03	1.065000e+03	7.066667e+00	6.863753e-01	6.863753e-01
1.065000e+03	1.080000e+03	7.333333e+00	6.992059e-01	6.992059e-01
1.080000e+03	1.095000e+03	5.000000e+00	5.773503e-01	5.773503e-01
1.095000e+03	1.110000e+03	4.666667e+00	5.577734e-01	5.577734e-01
1.110000e+03	1.125000e+03	4.533333e+00	5.497474e-01	5.497474e-01
1.125000e+03	1.140000e+03	4.733333e+00	5.617433e-01	5.617433e-01
1.140000e+03	1.155000e+03	4.266667e+00	5.333333e-01	5.333333e-01
1.155000e+03	1.170000e+03	3.800000e+00	5.033223e-01	5.033223e-01
1.170000e+03	1.185000e+03	3.933333e+00	5.120764e-01	5.120764e-01
1.185000e+03	1.200000e+03	3.800000e+00	5.033223e-01	5.033223e-01
1.200000e+03	1.215000e+03	4.333333e+00	5.374838e-01	5.374838e-01
1.215000e+03	1.230000e+03	2.733333e+00	4.268749e-01	4.268749e-01
1.230000e+03	1.245000e+03	2.266667e+00	3.887301e-01	3.887301e-01
1.245000e+03	1.260000e+03	2.600000e+00	4.163332e-01	4.163332e-01
1.260000e+03	1.275000e+03	3.000000e+00	4.472136e-01	4.472136e-01
1.275000e+03	1.290000e+03	2.000000e+00	3.651484e-01	3.651484e-01
1.290000e+03	1.305000e+03	1.933333e+00	3.590110e-01	3.590110e-01
1.305000e+03	1.320000e+03	2.000000e+00	3.651484e-01	3.651484e-01
1.320000e+03	1.335000e+03	1.800000e+00	3.464102e-01	3.464102e-01
1.335000e+03	1.350000e+03	2.000000e+00	3.651484e-01	3.651484e-01
1.350000e+03	1.365000e+03	1.466667e+00	3.126944e-01	3.126944e-01
1.365000e+03	1.380000e+03	1.466667e+00	3.126944e-01	3.126944e-01
1.380000e+03	1.395000e+03	1.466667e+00	3.126944e-01	3.126944e-01
1.395000e+03	1.410000e+03	1.600000e+00	3.265986e-01	3.265986e-01
1.410000e+03	1.425000e+03	1.533333e+00	3.197221e-01	3.197221e-01
1.425000e+03	1.440000e+03	1.466667e+00	3.126944e-01	3.126944e-01
1.440000e+03	1.455000e+03	1.000000e+00	2.581989e-01	2.581989e-01
1.455000e+03	1.470000e+03	8.666667e-01	2.403701e-01	2.403701e-01
1.470000e+03	1.485000e+03	9.333333e-01	2.494438e-01	2.494438e-01
1.485000e+03	1.500000e+03	4.666667e-01	1.763834e-01	1.763834e-01
# END HISTO1D

# BEGIN HISTO1D //afs/cern.ch/user/d/dsatco/herbvi6500/yoda_files/40TeV_iproc7099_nnpdf30.yoda/MC_SUSY/pt-trk
ErrorBars=1
LineColor=orange
LineStyle=solid
Path=//afs/cern.ch/user/d/dsatco/herbvi6500/yoda_files/40TeV_iproc7099_nnpdf30.yoda/MC_SUSY/pt-trk
Title=nnpdf30
XLabel=
YLabel=
# xlow	 xhigh	 val	 errminus	 errplus
0.000000e+00	1.500000e+01	5.539653e+04	6.077090e+01	6.077090e+01
1.500000e+01	3.000000e+01	7.176933e+04	6.917096e+01	6.917096e+01
3.000000e+01	4.500000e+01	2.882847e+04	4.383945e+01	4.383945e+01
4.500000e+01	6.000000e+01	1.522820e+04	3.186241e+01	3.186241e+01
6.000000e+01	7.500000e+01	9.242000e+03	2.482203e+01	2.482203e+01
7.500000e+01	9.000000e+01	6.092667e+03	2.015385e+01	2.015385e+01
9.000000e+01	1.050000e+02	4.243067e+03	1.681877e+01	1.681877e+01
1.050000e+02	1.200000e+02	3.153067e+03	1.449843e+01	1.449843e+01
1.200000e+02	1.350000e+02	2.360067e+03	1.254344e+01	1.254344e+01
1.350000e+02	1.500000e+02	1.851133e+03	1.110896e+01	1.110896e+01
1.500000e+02	1.650000e+02	1.467600e+03	9.891410e+00	9.891410e+00
1.650000e+02	1.800000e+02	1.202867e+03	8.954949e+00	8.954949e+00
1.800000e+02	1.950000e+02	9.945333e+02	8.142618e+00	8.142618e+00
1.950000e+02	2.100000e+02	8.312000e+02	7.444013e+00	7.444013e+00
2.100000e+02	2.250000e+02	6.923333e+02	6.793788e+00	6.793788e+00
2.250000e+02	2.400000e+02	5.990000e+02	6.319283e+00	6.319283e+00
2.400000e+02	2.550000e+02	5.164000e+02	5.867424e+00	5.867424e+00
2.550000e+02	2.700000e+02	4.505333e+02	5.480470e+00	5.480470e+00
2.700000e+02	2.850000e+02	3.969333e+02	5.144144e+00	5.144144e+00
2.850000e+02	3.000000e+02	3.419333e+02	4.774469e+00	4.774469e+00
3.000000e+02	3.150000e+02	3.052667e+02	4.511221e+00	4.511221e+00
3.150000e+02	3.300000e+02	2.726000e+02	4.263019e+00	4.263019e+00
3.300000e+02	3.450000e+02	2.454000e+02	4.044750e+00	4.044750e+00
3.450000e+02	3.600000e+02	2.190000e+02	3.820995e+00	3.820995e+00
3.600000e+02	3.750000e+02	1.991333e+02	3.643564e+00	3.643564e+00
3.750000e+02	3.900000e+02	1.752667e+02	3.418252e+00	3.418252e+00
3.900000e+02	4.050000e+02	1.613333e+02	3.279566e+00	3.279566e+00
4.050000e+02	4.200000e+02	1.481333e+02	3.142540e+00	3.142540e+00
4.200000e+02	4.350000e+02	1.380667e+02	3.033883e+00	3.033883e+00
4.350000e+02	4.500000e+02	1.298000e+02	2.941655e+00	2.941655e+00
4.500000e+02	4.650000e+02	1.155333e+02	2.775288e+00	2.775288e+00
4.650000e+02	4.800000e+02	9.926667e+01	2.572504e+00	2.572504e+00
4.800000e+02	4.950000e+02	9.220000e+01	2.479247e+00	2.479247e+00
4.950000e+02	5.100000e+02	8.440000e+01	2.372060e+00	2.372060e+00
5.100000e+02	5.250000e+02	8.240000e+01	2.343786e+00	2.343786e+00
5.250000e+02	5.400000e+02	7.613333e+01	2.252899e+00	2.252899e+00
5.400000e+02	5.550000e+02	6.740000e+01	2.119748e+00	2.119748e+00
5.550000e+02	5.700000e+02	6.300000e+01	2.049390e+00	2.049390e+00
5.700000e+02	5.850000e+02	5.813333e+01	1.968643e+00	1.968643e+00
5.850000e+02	6.000000e+02	4.986667e+01	1.823306e+00	1.823306e+00
6.000000e+02	6.150000e+02	5.220000e+01	1.865476e+00	1.865476e+00
6.150000e+02	6.300000e+02	4.666667e+01	1.763834e+00	1.763834e+00
6.300000e+02	6.450000e+02	4.360000e+01	1.704895e+00	1.704895e+00
6.450000e+02	6.600000e+02	4.306667e+01	1.694435e+00	1.694435e+00
6.600000e+02	6.750000e+02	3.700000e+01	1.570563e+00	1.570563e+00
6.750000e+02	6.900000e+02	3.580000e+01	1.544884e+00	1.544884e+00
6.900000e+02	7.050000e+02	3.180000e+01	1.456022e+00	1.456022e+00
7.050000e+02	7.200000e+02	3.133333e+01	1.445299e+00	1.445299e+00
7.200000e+02	7.350000e+02	2.766667e+01	1.358103e+00	1.358103e+00
7.350000e+02	7.500000e+02	2.946667e+01	1.401586e+00	1.401586e+00
7.500000e+02	7.650000e+02	2.586667e+01	1.313181e+00	1.313181e+00
7.650000e+02	7.800000e+02	2.306667e+01	1.240072e+00	1.240072e+00
7.800000e+02	7.950000e+02	2.120000e+01	1.188837e+00	1.188837e+00
7.950000e+02	8.100000e+02	2.180000e+01	1.205543e+00	1.205543e+00
8.100000e+02	8.250000e+02	2.060000e+01	1.171893e+00	1.171893e+00
8.250000e+02	8.400000e+02	1.766667e+01	1.085255e+00	1.085255e+00
8.400000e+02	8.550000e+02	1.613333e+01	1.037090e+00	1.037090e+00
8.550000e+02	8.700000e+02	1.580000e+01	1.026320e+00	1.026320e+00
8.700000e+02	8.850000e+02	1.473333e+01	9.910712e-01	9.910712e-01
8.850000e+02	9.000000e+02	1.213333e+01	8.993825e-01	8.993825e-01
9.000000e+02	9.150000e+02	1.153333e+01	8.768631e-01	8.768631e-01
9.150000e+02	9.300000e+02	1.233333e+01	9.067647e-01	9.067647e-01
9.300000e+02	9.450000e+02	1.073333e+01	8.459052e-01	8.459052e-01
9.450000e+02	9.600000e+02	1.113333e+01	8.615232e-01	8.615232e-01
9.600000e+02	9.750000e+02	9.866667e+00	8.110350e-01	8.110350e-01
9.750000e+02	9.900000e+02	8.266667e+00	7.423686e-01	7.423686e-01
9.900000e+02	1.005000e+03	9.200000e+00	7.831560e-01	7.831560e-01
1.005000e+03	1.020000e+03	8.200000e+00	7.393691e-01	7.393691e-01
1.020000e+03	1.035000e+03	9.200000e+00	7.831560e-01	7.831560e-01
1.035000e+03	1.050000e+03	6.533333e+00	6.599663e-01	6.599663e-01
1.050000e+03	1.065000e+03	5.933333e+00	6.289321e-01	6.289321e-01
1.065000e+03	1.080000e+03	5.866667e+00	6.253888e-01	6.253888e-01
1.080000e+03	1.095000e+03	5.600000e+00	6.110101e-01	6.110101e-01
1.095000e+03	1.110000e+03	5.333333e+00	5.962848e-01	5.962848e-01
1.110000e+03	1.125000e+03	4.466667e+00	5.456902e-01	5.456902e-01
1.125000e+03	1.140000e+03	4.200000e+00	5.291503e-01	5.291503e-01
1.140000e+03	1.155000e+03	4.666667e+00	5.577734e-01	5.577734e-01
1.155000e+03	1.170000e+03	4.066667e+00	5.206833e-01	5.206833e-01
1.170000e+03	1.185000e+03	3.733333e+00	4.988877e-01	4.988877e-01
1.185000e+03	1.200000e+03	3.466667e+00	4.807402e-01	4.807402e-01
1.200000e+03	1.215000e+03	4.066667e+00	5.206833e-01	5.206833e-01
1.215000e+03	1.230000e+03	3.266667e+00	4.666667e-01	4.666667e-01
1.230000e+03	1.245000e+03	2.533333e+00	4.109609e-01	4.109609e-01
1.245000e+03	1.260000e+03	2.600000e+00	4.163332e-01	4.163332e-01
1.260000e+03	1.275000e+03	3.266667e+00	4.666667e-01	4.666667e-01
1.275000e+03	1.290000e+03	2.066667e+00	3.711843e-01	3.711843e-01
1.290000e+03	1.305000e+03	2.200000e+00	3.829708e-01	3.829708e-01
1.305000e+03	1.320000e+03	2.800000e+00	4.320494e-01	4.320494e-01
1.320000e+03	1.335000e+03	1.800000e+00	3.464102e-01	3.464102e-01
1.335000e+03	1.350000e+03	1.533333e+00	3.197221e-01	3.197221e-01
1.350000e+03	1.365000e+03	1.400000e+00	3.055050e-01	3.055050e-01
1.365000e+03	1.380000e+03	1.066667e+00	2.666667e-01	2.666667e-01
1.380000e+03	1.395000e+03	1.133333e+00	2.748737e-01	2.748737e-01
1.395000e+03	1.410000e+03	1.800000e+00	3.464102e-01	3.464102e-01
1.410000e+03	1.425000e+03	1.133333e+00	2.748737e-01	2.748737e-01
1.425000e+03	1.440000e+03	1.333333e+00	2.981424e-01	2.981424e-01
1.440000e+03	1.455000e+03	8.666667e-01	2.403701e-01	2.403701e-01
1.455000e+03	1.470000e+03	1.066667e+00	2.666667e-01	2.666667e-01
1.470000e+03	1.485000e+03	1.333333e+00	2.981424e-01	2.981424e-01
1.485000e+03	1.500000e+03	8.000000e-01	2.309401e-01	2.309401e-01
# END HISTO1D

