# BEGIN PLOT
RatioPlotYLabel=Ratio
LegendOnly=//afs/cern.ch/user/d/dsatco/herbvi6500/yoda_files/40TeV_iproc7099_20t_ev.yoda/MY_ANALYSIS_NUMBER/BOTTOM_quarks //afs/cern.ch/user/d/dsatco/herbvi6500/yoda_files/40TeV_iproc7099_ct14nlo.yoda/MY_ANALYSIS_NUMBER/BOTTOM_quarks //afs/cern.ch/user/d/dsatco/herbvi6500/yoda_files/40TeV_iproc7099_mmht2014.yoda/MY_ANALYSIS_NUMBER/BOTTOM_quarks //afs/cern.ch/user/d/dsatco/herbvi6500/yoda_files/40TeV_iproc7099_nnpdf30.yoda/MY_ANALYSIS_NUMBER/BOTTOM_quarks
XLabel=$N_b$
RatioPlotReference=//afs/cern.ch/user/d/dsatco/herbvi6500/yoda_files/40TeV_iproc7099_20t_ev.yoda/MY_ANALYSIS_NUMBER/BOTTOM_quarks
YLabel=$\mathrm{d}N_\text{evt}/\mathrm{d}N_b$
DrawOnly=//afs/cern.ch/user/d/dsatco/herbvi6500/yoda_files/40TeV_iproc7099_20t_ev.yoda/MY_ANALYSIS_NUMBER/BOTTOM_quarks //afs/cern.ch/user/d/dsatco/herbvi6500/yoda_files/40TeV_iproc7099_ct14nlo.yoda/MY_ANALYSIS_NUMBER/BOTTOM_quarks //afs/cern.ch/user/d/dsatco/herbvi6500/yoda_files/40TeV_iproc7099_mmht2014.yoda/MY_ANALYSIS_NUMBER/BOTTOM_quarks //afs/cern.ch/user/d/dsatco/herbvi6500/yoda_files/40TeV_iproc7099_nnpdf30.yoda/MY_ANALYSIS_NUMBER/BOTTOM_quarks
RatioPlot=1
Title=Multiplicity distribution for bottom quarks
Legend=1
LogY=0
# END PLOT

# BEGIN HISTO1D //afs/cern.ch/user/d/dsatco/herbvi6500/yoda_files/40TeV_iproc7099_20t_ev.yoda/MY_ANALYSIS_NUMBER/BOTTOM_quarks
ErrorBars=1
LineColor=red
LineStyle=solid
Path=//afs/cern.ch/user/d/dsatco/herbvi6500/yoda_files/40TeV_iproc7099_20t_ev.yoda/MY_ANALYSIS_NUMBER/BOTTOM_quarks
ScaledBy=5.00000000000000024e-05
Title=mstw1998
XLabel=
YLabel=
# xlow	 xhigh	 val	 errminus	 errplus
-5.000000e-01	5.000000e-01	0.000000e+00	0.000000e+00	0.000000e+00
5.000000e-01	1.500000e+00	0.000000e+00	0.000000e+00	0.000000e+00
1.500000e+00	2.500000e+00	0.000000e+00	0.000000e+00	0.000000e+00
2.500000e+00	3.500000e+00	0.000000e+00	0.000000e+00	0.000000e+00
3.500000e+00	4.500000e+00	0.000000e+00	0.000000e+00	0.000000e+00
4.500000e+00	5.500000e+00	0.000000e+00	0.000000e+00	0.000000e+00
5.500000e+00	6.500000e+00	0.000000e+00	0.000000e+00	0.000000e+00
6.500000e+00	7.500000e+00	0.000000e+00	0.000000e+00	0.000000e+00
7.500000e+00	8.500000e+00	5.000000e-05	5.000000e-05	5.000000e-05
8.500000e+00	9.500000e+00	5.000000e-05	5.000000e-05	5.000000e-05
9.500000e+00	1.050000e+01	3.500000e-04	1.322876e-04	1.322876e-04
1.050000e+01	1.150000e+01	0.000000e+00	0.000000e+00	0.000000e+00
1.150000e+01	1.250000e+01	9.800000e-03	7.000000e-04	7.000000e-04
1.250000e+01	1.350000e+01	5.615000e-02	1.675560e-03	1.675560e-03
1.350000e+01	1.450000e+01	1.070000e-01	2.313007e-03	2.313007e-03
1.450000e+01	1.550000e+01	6.530000e-02	1.806931e-03	1.806931e-03
1.550000e+01	1.650000e+01	2.500000e-04	1.118034e-04	1.118034e-04
1.650000e+01	1.750000e+01	1.450000e-03	2.692582e-04	2.692582e-04
1.750000e+01	1.850000e+01	6.650000e-03	5.766281e-04	5.766281e-04
1.850000e+01	1.950000e+01	1.090000e-02	7.382412e-04	7.382412e-04
1.950000e+01	2.050000e+01	1.195000e-02	7.729812e-04	7.729812e-04
2.050000e+01	2.150000e+01	2.115000e-02	1.028348e-03	1.028348e-03
2.150000e+01	2.250000e+01	5.940000e-02	1.723369e-03	1.723369e-03
2.250000e+01	2.350000e+01	1.081000e-01	2.324866e-03	2.324866e-03
2.350000e+01	2.450000e+01	9.880000e-02	2.222611e-03	2.222611e-03
2.450000e+01	2.550000e+01	3.695000e-02	1.359228e-03	1.359228e-03
2.550000e+01	2.650000e+01	2.650000e-03	3.640055e-04	3.640055e-04
2.650000e+01	2.750000e+01	5.900000e-03	5.431390e-04	5.431390e-04
2.750000e+01	2.850000e+01	1.085000e-02	7.365460e-04	7.365460e-04
2.850000e+01	2.950000e+01	1.485000e-02	8.616844e-04	8.616844e-04
2.950000e+01	3.050000e+01	1.750000e-02	9.354143e-04	9.354143e-04
3.050000e+01	3.150000e+01	3.135000e-02	1.251998e-03	1.251998e-03
3.150000e+01	3.250000e+01	5.950000e-02	1.724819e-03	1.724819e-03
3.250000e+01	3.350000e+01	5.785000e-02	1.700735e-03	1.700735e-03
3.350000e+01	3.450000e+01	3.615000e-02	1.344433e-03	1.344433e-03
3.450000e+01	3.550000e+01	1.090000e-02	7.382412e-04	7.382412e-04
3.550000e+01	3.650000e+01	3.400000e-03	4.123106e-04	4.123106e-04
3.650000e+01	3.750000e+01	5.400000e-03	5.196152e-04	5.196152e-04
3.750000e+01	3.850000e+01	8.250000e-03	6.422616e-04	6.422616e-04
3.850000e+01	3.950000e+01	9.550000e-03	6.910137e-04	6.910137e-04
3.950000e+01	4.050000e+01	1.300000e-02	8.062258e-04	8.062258e-04
4.050000e+01	4.150000e+01	1.925000e-02	9.810708e-04	9.810708e-04
4.150000e+01	4.250000e+01	2.250000e-02	1.060660e-03	1.060660e-03
4.250000e+01	4.350000e+01	1.845000e-02	9.604686e-04	9.604686e-04
4.350000e+01	4.450000e+01	9.200000e-03	6.782330e-04	6.782330e-04
4.450000e+01	4.550000e+01	2.950000e-03	3.840573e-04	3.840573e-04
4.550000e+01	4.650000e+01	2.950000e-03	3.840573e-04	3.840573e-04
4.650000e+01	4.750000e+01	3.150000e-03	3.968627e-04	3.968627e-04
4.750000e+01	4.850000e+01	2.900000e-03	3.807887e-04	3.807887e-04
4.850000e+01	4.950000e+01	3.850000e-03	4.387482e-04	4.387482e-04
# END HISTO1D

# BEGIN HISTO1D //afs/cern.ch/user/d/dsatco/herbvi6500/yoda_files/40TeV_iproc7099_ct14nlo.yoda/MY_ANALYSIS_NUMBER/BOTTOM_quarks
ErrorBars=1
LineColor=blue
LineStyle=solid
Path=//afs/cern.ch/user/d/dsatco/herbvi6500/yoda_files/40TeV_iproc7099_ct14nlo.yoda/MY_ANALYSIS_NUMBER/BOTTOM_quarks
ScaledBy=5.00000000000000024e-05
Title=ct14nlo
XLabel=
YLabel=
# xlow	 xhigh	 val	 errminus	 errplus
-5.000000e-01	5.000000e-01	0.000000e+00	0.000000e+00	0.000000e+00
5.000000e-01	1.500000e+00	0.000000e+00	0.000000e+00	0.000000e+00
1.500000e+00	2.500000e+00	0.000000e+00	0.000000e+00	0.000000e+00
2.500000e+00	3.500000e+00	0.000000e+00	0.000000e+00	0.000000e+00
3.500000e+00	4.500000e+00	0.000000e+00	0.000000e+00	0.000000e+00
4.500000e+00	5.500000e+00	0.000000e+00	0.000000e+00	0.000000e+00
5.500000e+00	6.500000e+00	0.000000e+00	0.000000e+00	0.000000e+00
6.500000e+00	7.500000e+00	0.000000e+00	0.000000e+00	0.000000e+00
7.500000e+00	8.500000e+00	5.000000e-05	5.000000e-05	5.000000e-05
8.500000e+00	9.500000e+00	2.500000e-04	1.118034e-04	1.118034e-04
9.500000e+00	1.050000e+01	2.500000e-04	1.118034e-04	1.118034e-04
1.050000e+01	1.150000e+01	0.000000e+00	0.000000e+00	0.000000e+00
1.150000e+01	1.250000e+01	1.000000e-02	7.071068e-04	7.071068e-04
1.250000e+01	1.350000e+01	5.625000e-02	1.677051e-03	1.677051e-03
1.350000e+01	1.450000e+01	1.047500e-01	2.288558e-03	2.288558e-03
1.450000e+01	1.550000e+01	6.540000e-02	1.808314e-03	1.808314e-03
1.550000e+01	1.650000e+01	3.000000e-04	1.224745e-04	1.224745e-04
1.650000e+01	1.750000e+01	1.150000e-03	2.397916e-04	2.397916e-04
1.750000e+01	1.850000e+01	5.500000e-03	5.244044e-04	5.244044e-04
1.850000e+01	1.950000e+01	1.075000e-02	7.331439e-04	7.331439e-04
1.950000e+01	2.050000e+01	1.260000e-02	7.937254e-04	7.937254e-04
2.050000e+01	2.150000e+01	2.050000e-02	1.012423e-03	1.012423e-03
2.150000e+01	2.250000e+01	5.650000e-02	1.680774e-03	1.680774e-03
2.250000e+01	2.350000e+01	1.081000e-01	2.324866e-03	2.324866e-03
2.350000e+01	2.450000e+01	9.910000e-02	2.225983e-03	2.225983e-03
2.450000e+01	2.550000e+01	3.780000e-02	1.374773e-03	1.374773e-03
2.550000e+01	2.650000e+01	2.550000e-03	3.570714e-04	3.570714e-04
2.650000e+01	2.750000e+01	7.050000e-03	5.937171e-04	5.937171e-04
2.750000e+01	2.850000e+01	1.160000e-02	7.615773e-04	7.615773e-04
2.850000e+01	2.950000e+01	1.515000e-02	8.703448e-04	8.703448e-04
2.950000e+01	3.050000e+01	1.765000e-02	9.394147e-04	9.394147e-04
3.050000e+01	3.150000e+01	3.190000e-02	1.262933e-03	1.262933e-03
3.150000e+01	3.250000e+01	5.630000e-02	1.677796e-03	1.677796e-03
3.250000e+01	3.350000e+01	6.040000e-02	1.737815e-03	1.737815e-03
3.350000e+01	3.450000e+01	3.675000e-02	1.355544e-03	1.355544e-03
3.450000e+01	3.550000e+01	9.700000e-03	6.964194e-04	6.964194e-04
3.550000e+01	3.650000e+01	4.400000e-03	4.690416e-04	4.690416e-04
3.650000e+01	3.750000e+01	5.950000e-03	5.454356e-04	5.454356e-04
3.750000e+01	3.850000e+01	7.300000e-03	6.041523e-04	6.041523e-04
3.850000e+01	3.950000e+01	1.030000e-02	7.176350e-04	7.176350e-04
3.950000e+01	4.050000e+01	1.260000e-02	7.937254e-04	7.937254e-04
4.050000e+01	4.150000e+01	1.965000e-02	9.912114e-04	9.912114e-04
4.150000e+01	4.250000e+01	2.310000e-02	1.074709e-03	1.074709e-03
4.250000e+01	4.350000e+01	1.945000e-02	9.861541e-04	9.861541e-04
4.350000e+01	4.450000e+01	9.600000e-03	6.928203e-04	6.928203e-04
4.450000e+01	4.550000e+01	3.500000e-03	4.183300e-04	4.183300e-04
4.550000e+01	4.650000e+01	2.100000e-03	3.240370e-04	3.240370e-04
4.650000e+01	4.750000e+01	2.700000e-03	3.674235e-04	3.674235e-04
4.750000e+01	4.850000e+01	3.350000e-03	4.092676e-04	4.092676e-04
4.850000e+01	4.950000e+01	4.150000e-03	4.555217e-04	4.555217e-04
# END HISTO1D

# BEGIN HISTO1D //afs/cern.ch/user/d/dsatco/herbvi6500/yoda_files/40TeV_iproc7099_mmht2014.yoda/MY_ANALYSIS_NUMBER/BOTTOM_quarks
ErrorBars=1
LineColor=green
LineStyle=solid
Path=//afs/cern.ch/user/d/dsatco/herbvi6500/yoda_files/40TeV_iproc7099_mmht2014.yoda/MY_ANALYSIS_NUMBER/BOTTOM_quarks
ScaledBy=5.00000000000000024e-05
Title=mmht2014
XLabel=
YLabel=
# xlow	 xhigh	 val	 errminus	 errplus
-5.000000e-01	5.000000e-01	0.000000e+00	0.000000e+00	0.000000e+00
5.000000e-01	1.500000e+00	0.000000e+00	0.000000e+00	0.000000e+00
1.500000e+00	2.500000e+00	0.000000e+00	0.000000e+00	0.000000e+00
2.500000e+00	3.500000e+00	0.000000e+00	0.000000e+00	0.000000e+00
3.500000e+00	4.500000e+00	0.000000e+00	0.000000e+00	0.000000e+00
4.500000e+00	5.500000e+00	0.000000e+00	0.000000e+00	0.000000e+00
5.500000e+00	6.500000e+00	0.000000e+00	0.000000e+00	0.000000e+00
6.500000e+00	7.500000e+00	0.000000e+00	0.000000e+00	0.000000e+00
7.500000e+00	8.500000e+00	5.000000e-05	5.000000e-05	5.000000e-05
8.500000e+00	9.500000e+00	1.000000e-04	7.071068e-05	7.071068e-05
9.500000e+00	1.050000e+01	2.000000e-04	1.000000e-04	1.000000e-04
1.050000e+01	1.150000e+01	0.000000e+00	0.000000e+00	0.000000e+00
1.150000e+01	1.250000e+01	1.125000e-02	7.500000e-04	7.500000e-04
1.250000e+01	1.350000e+01	5.725000e-02	1.691892e-03	1.691892e-03
1.350000e+01	1.450000e+01	1.053000e-01	2.294559e-03	2.294559e-03
1.450000e+01	1.550000e+01	6.335000e-02	1.779747e-03	1.779747e-03
1.550000e+01	1.650000e+01	2.500000e-04	1.118034e-04	1.118034e-04
1.650000e+01	1.750000e+01	1.450000e-03	2.692582e-04	2.692582e-04
1.750000e+01	1.850000e+01	6.350000e-03	5.634714e-04	5.634714e-04
1.850000e+01	1.950000e+01	1.175000e-02	7.664855e-04	7.664855e-04
1.950000e+01	2.050000e+01	1.000000e-02	7.071068e-04	7.071068e-04
2.050000e+01	2.150000e+01	2.045000e-02	1.011187e-03	1.011187e-03
2.150000e+01	2.250000e+01	5.890000e-02	1.716100e-03	1.716100e-03
2.250000e+01	2.350000e+01	1.056500e-01	2.298369e-03	2.298369e-03
2.350000e+01	2.450000e+01	1.005500e-01	2.242209e-03	2.242209e-03
2.450000e+01	2.550000e+01	3.800000e-02	1.378405e-03	1.378405e-03
2.550000e+01	2.650000e+01	2.600000e-03	3.605551e-04	3.605551e-04
2.650000e+01	2.750000e+01	5.950000e-03	5.454356e-04	5.454356e-04
2.750000e+01	2.850000e+01	1.230000e-02	7.842194e-04	7.842194e-04
2.850000e+01	2.950000e+01	1.380000e-02	8.306624e-04	8.306624e-04
2.950000e+01	3.050000e+01	1.680000e-02	9.165151e-04	9.165151e-04
3.050000e+01	3.150000e+01	2.975000e-02	1.219631e-03	1.219631e-03
3.150000e+01	3.250000e+01	5.365000e-02	1.637834e-03	1.637834e-03
3.250000e+01	3.350000e+01	6.350000e-02	1.781853e-03	1.781853e-03
3.350000e+01	3.450000e+01	3.950000e-02	1.405347e-03	1.405347e-03
3.450000e+01	3.550000e+01	1.170000e-02	7.648529e-04	7.648529e-04
3.550000e+01	3.650000e+01	3.400000e-03	4.123106e-04	4.123106e-04
3.650000e+01	3.750000e+01	7.250000e-03	6.020797e-04	6.020797e-04
3.750000e+01	3.850000e+01	8.050000e-03	6.344289e-04	6.344289e-04
3.850000e+01	3.950000e+01	8.750000e-03	6.614378e-04	6.614378e-04
3.950000e+01	4.050000e+01	1.175000e-02	7.664855e-04	7.664855e-04
4.050000e+01	4.150000e+01	1.845000e-02	9.604686e-04	9.604686e-04
4.150000e+01	4.250000e+01	2.170000e-02	1.041633e-03	1.041633e-03
4.250000e+01	4.350000e+01	1.795000e-02	9.473648e-04	9.473648e-04
4.350000e+01	4.450000e+01	9.300000e-03	6.819091e-04	6.819091e-04
4.450000e+01	4.550000e+01	3.650000e-03	4.272002e-04	4.272002e-04
4.550000e+01	4.650000e+01	2.700000e-03	3.674235e-04	3.674235e-04
4.650000e+01	4.750000e+01	2.700000e-03	3.674235e-04	3.674235e-04
4.750000e+01	4.850000e+01	3.400000e-03	4.123106e-04	4.123106e-04
4.850000e+01	4.950000e+01	4.250000e-03	4.609772e-04	4.609772e-04
# END HISTO1D

# BEGIN HISTO1D //afs/cern.ch/user/d/dsatco/herbvi6500/yoda_files/40TeV_iproc7099_nnpdf30.yoda/MY_ANALYSIS_NUMBER/BOTTOM_quarks
ErrorBars=1
LineColor=orange
LineStyle=solid
Path=//afs/cern.ch/user/d/dsatco/herbvi6500/yoda_files/40TeV_iproc7099_nnpdf30.yoda/MY_ANALYSIS_NUMBER/BOTTOM_quarks
ScaledBy=5.00000000000000024e-05
Title=nnpdf30
XLabel=
YLabel=
# xlow	 xhigh	 val	 errminus	 errplus
-5.000000e-01	5.000000e-01	0.000000e+00	0.000000e+00	0.000000e+00
5.000000e-01	1.500000e+00	0.000000e+00	0.000000e+00	0.000000e+00
1.500000e+00	2.500000e+00	0.000000e+00	0.000000e+00	0.000000e+00
2.500000e+00	3.500000e+00	0.000000e+00	0.000000e+00	0.000000e+00
3.500000e+00	4.500000e+00	0.000000e+00	0.000000e+00	0.000000e+00
4.500000e+00	5.500000e+00	0.000000e+00	0.000000e+00	0.000000e+00
5.500000e+00	6.500000e+00	0.000000e+00	0.000000e+00	0.000000e+00
6.500000e+00	7.500000e+00	0.000000e+00	0.000000e+00	0.000000e+00
7.500000e+00	8.500000e+00	1.000000e-04	7.071068e-05	7.071068e-05
8.500000e+00	9.500000e+00	5.000000e-04	1.581139e-04	1.581139e-04
9.500000e+00	1.050000e+01	3.500000e-04	1.322876e-04	1.322876e-04
1.050000e+01	1.150000e+01	0.000000e+00	0.000000e+00	0.000000e+00
1.150000e+01	1.250000e+01	8.800000e-03	6.633250e-04	6.633250e-04
1.250000e+01	1.350000e+01	5.830000e-02	1.707337e-03	1.707337e-03
1.350000e+01	1.450000e+01	1.072000e-01	2.315167e-03	2.315167e-03
1.450000e+01	1.550000e+01	6.670000e-02	1.826198e-03	1.826198e-03
1.550000e+01	1.650000e+01	2.000000e-04	1.000000e-04	1.000000e-04
1.650000e+01	1.750000e+01	1.800000e-03	3.000000e-04	3.000000e-04
1.750000e+01	1.850000e+01	6.250000e-03	5.590170e-04	5.590170e-04
1.850000e+01	1.950000e+01	1.135000e-02	7.533260e-04	7.533260e-04
1.950000e+01	2.050000e+01	1.120000e-02	7.483315e-04	7.483315e-04
2.050000e+01	2.150000e+01	2.090000e-02	1.022252e-03	1.022252e-03
2.150000e+01	2.250000e+01	5.505000e-02	1.659066e-03	1.659066e-03
2.250000e+01	2.350000e+01	1.084000e-01	2.328089e-03	2.328089e-03
2.350000e+01	2.450000e+01	9.845000e-02	2.218671e-03	2.218671e-03
2.450000e+01	2.550000e+01	3.705000e-02	1.361066e-03	1.361066e-03
2.550000e+01	2.650000e+01	2.950000e-03	3.840573e-04	3.840573e-04
2.650000e+01	2.750000e+01	6.200000e-03	5.567764e-04	5.567764e-04
2.750000e+01	2.850000e+01	1.130000e-02	7.516648e-04	7.516648e-04
2.850000e+01	2.950000e+01	1.440000e-02	8.485281e-04	8.485281e-04
2.950000e+01	3.050000e+01	1.700000e-02	9.219544e-04	9.219544e-04
3.050000e+01	3.150000e+01	2.910000e-02	1.206234e-03	1.206234e-03
3.150000e+01	3.250000e+01	5.555000e-02	1.666583e-03	1.666583e-03
3.250000e+01	3.350000e+01	5.960000e-02	1.726268e-03	1.726268e-03
3.350000e+01	3.450000e+01	3.730000e-02	1.365650e-03	1.365650e-03
3.450000e+01	3.550000e+01	1.170000e-02	7.648529e-04	7.648529e-04
3.550000e+01	3.650000e+01	3.350000e-03	4.092676e-04	4.092676e-04
3.650000e+01	3.750000e+01	5.650000e-03	5.315073e-04	5.315073e-04
3.750000e+01	3.850000e+01	8.800000e-03	6.633250e-04	6.633250e-04
3.850000e+01	3.950000e+01	9.500000e-03	6.892024e-04	6.892024e-04
3.950000e+01	4.050000e+01	1.270000e-02	7.968689e-04	7.968689e-04
4.050000e+01	4.150000e+01	1.860000e-02	9.643651e-04	9.643651e-04
4.150000e+01	4.250000e+01	2.305000e-02	1.073546e-03	1.073546e-03
4.250000e+01	4.350000e+01	1.920000e-02	9.797959e-04	9.797959e-04
4.350000e+01	4.450000e+01	9.950000e-03	7.053368e-04	7.053368e-04
4.450000e+01	4.550000e+01	3.650000e-03	4.272002e-04	4.272002e-04
4.550000e+01	4.650000e+01	2.500000e-03	3.535534e-04	3.535534e-04
4.650000e+01	4.750000e+01	3.250000e-03	4.031129e-04	4.031129e-04
4.750000e+01	4.850000e+01	3.650000e-03	4.272002e-04	4.272002e-04
4.850000e+01	4.950000e+01	3.800000e-03	4.358899e-04	4.358899e-04
# END HISTO1D

