# BEGIN PLOT
RatioPlotYLabel=Ratio
LegendOnly=//afs/cern.ch/user/d/dsatco/herbvi6500/yoda_files/40TeV_iproc7099_20t_ev.yoda/MY_ANALYSIS_NUMBER/ELECTRONs //afs/cern.ch/user/d/dsatco/herbvi6500/yoda_files/40TeV_iproc7099_ct14nlo.yoda/MY_ANALYSIS_NUMBER/ELECTRONs //afs/cern.ch/user/d/dsatco/herbvi6500/yoda_files/40TeV_iproc7099_mmht2014.yoda/MY_ANALYSIS_NUMBER/ELECTRONs //afs/cern.ch/user/d/dsatco/herbvi6500/yoda_files/40TeV_iproc7099_nnpdf30.yoda/MY_ANALYSIS_NUMBER/ELECTRONs
XLabel=$N_e$
RatioPlotReference=//afs/cern.ch/user/d/dsatco/herbvi6500/yoda_files/40TeV_iproc7099_20t_ev.yoda/MY_ANALYSIS_NUMBER/ELECTRONs
YLabel=$\mathrm{d}N_\text{evt}/\mathrm{d}N_e$
DrawOnly=//afs/cern.ch/user/d/dsatco/herbvi6500/yoda_files/40TeV_iproc7099_20t_ev.yoda/MY_ANALYSIS_NUMBER/ELECTRONs //afs/cern.ch/user/d/dsatco/herbvi6500/yoda_files/40TeV_iproc7099_ct14nlo.yoda/MY_ANALYSIS_NUMBER/ELECTRONs //afs/cern.ch/user/d/dsatco/herbvi6500/yoda_files/40TeV_iproc7099_mmht2014.yoda/MY_ANALYSIS_NUMBER/ELECTRONs //afs/cern.ch/user/d/dsatco/herbvi6500/yoda_files/40TeV_iproc7099_nnpdf30.yoda/MY_ANALYSIS_NUMBER/ELECTRONs
RatioPlot=1
Title=Multiplicity distribution for $e^+$, $e^-$
Legend=1
LogY=0
# END PLOT

# BEGIN HISTO1D //afs/cern.ch/user/d/dsatco/herbvi6500/yoda_files/40TeV_iproc7099_20t_ev.yoda/MY_ANALYSIS_NUMBER/ELECTRONs
ErrorBars=1
LineColor=red
LineStyle=solid
Path=//afs/cern.ch/user/d/dsatco/herbvi6500/yoda_files/40TeV_iproc7099_20t_ev.yoda/MY_ANALYSIS_NUMBER/ELECTRONs
ScaledBy=5.00000000000000024e-05
Title=mstw1998
XLabel=
YLabel=
# xlow	 xhigh	 val	 errminus	 errplus
-5.000000e-01	5.000000e-01	0.000000e+00	0.000000e+00	0.000000e+00
5.000000e-01	1.500000e+00	3.000000e-04	1.224745e-04	1.224745e-04
1.500000e+00	2.500000e+00	3.500000e-04	1.322876e-04	1.322876e-04
2.500000e+00	3.500000e+00	1.900000e-03	3.082207e-04	3.082207e-04
3.500000e+00	4.500000e+00	3.900000e-03	4.415880e-04	4.415880e-04
4.500000e+00	5.500000e+00	7.150000e-03	5.979130e-04	5.979130e-04
5.500000e+00	6.500000e+00	1.385000e-02	8.321658e-04	8.321658e-04
6.500000e+00	7.500000e+00	2.050000e-02	1.012423e-03	1.012423e-03
7.500000e+00	8.500000e+00	3.270000e-02	1.278671e-03	1.278671e-03
8.500000e+00	9.500000e+00	4.695000e-02	1.532155e-03	1.532155e-03
9.500000e+00	1.050000e+01	5.690000e-02	1.686713e-03	1.686713e-03
1.050000e+01	1.150000e+01	6.775000e-02	1.840516e-03	1.840516e-03
1.150000e+01	1.250000e+01	7.305000e-02	1.911151e-03	1.911151e-03
1.250000e+01	1.350000e+01	7.880000e-02	1.984943e-03	1.984943e-03
1.350000e+01	1.450000e+01	8.525000e-02	2.064582e-03	2.064582e-03
1.450000e+01	1.550000e+01	8.315000e-02	2.038995e-03	2.038995e-03
1.550000e+01	1.650000e+01	7.610000e-02	1.950641e-03	1.950641e-03
1.650000e+01	1.750000e+01	6.910000e-02	1.858763e-03	1.858763e-03
1.750000e+01	1.850000e+01	5.905000e-02	1.718284e-03	1.718284e-03
1.850000e+01	1.950000e+01	5.310000e-02	1.629417e-03	1.629417e-03
1.950000e+01	2.050000e+01	4.210000e-02	1.450862e-03	1.450862e-03
2.050000e+01	2.150000e+01	3.495000e-02	1.321930e-03	1.321930e-03
2.150000e+01	2.250000e+01	2.540000e-02	1.126943e-03	1.126943e-03
2.250000e+01	2.350000e+01	2.030000e-02	1.007472e-03	1.007472e-03
2.350000e+01	2.450000e+01	1.530000e-02	8.746428e-04	8.746428e-04
2.450000e+01	2.550000e+01	9.550000e-03	6.910137e-04	6.910137e-04
2.550000e+01	2.650000e+01	7.350000e-03	6.062178e-04	6.062178e-04
2.650000e+01	2.750000e+01	5.800000e-03	5.385165e-04	5.385165e-04
2.750000e+01	2.850000e+01	3.400000e-03	4.123106e-04	4.123106e-04
2.850000e+01	2.950000e+01	2.450000e-03	3.500000e-04	3.500000e-04
2.950000e+01	3.050000e+01	1.350000e-03	2.598076e-04	2.598076e-04
3.050000e+01	3.150000e+01	1.150000e-03	2.397916e-04	2.397916e-04
3.150000e+01	3.250000e+01	4.500000e-04	1.500000e-04	1.500000e-04
3.250000e+01	3.350000e+01	1.500000e-04	8.660254e-05	8.660254e-05
3.350000e+01	3.450000e+01	1.500000e-04	8.660254e-05	8.660254e-05
3.450000e+01	3.550000e+01	0.000000e+00	0.000000e+00	0.000000e+00
3.550000e+01	3.650000e+01	1.500000e-04	8.660254e-05	8.660254e-05
3.650000e+01	3.750000e+01	0.000000e+00	0.000000e+00	0.000000e+00
3.750000e+01	3.850000e+01	1.000000e-04	7.071068e-05	7.071068e-05
3.850000e+01	3.950000e+01	5.000000e-05	5.000000e-05	5.000000e-05
3.950000e+01	4.050000e+01	0.000000e+00	0.000000e+00	0.000000e+00
4.050000e+01	4.150000e+01	0.000000e+00	0.000000e+00	0.000000e+00
4.150000e+01	4.250000e+01	0.000000e+00	0.000000e+00	0.000000e+00
4.250000e+01	4.350000e+01	0.000000e+00	0.000000e+00	0.000000e+00
4.350000e+01	4.450000e+01	0.000000e+00	0.000000e+00	0.000000e+00
4.450000e+01	4.550000e+01	0.000000e+00	0.000000e+00	0.000000e+00
4.550000e+01	4.650000e+01	0.000000e+00	0.000000e+00	0.000000e+00
4.650000e+01	4.750000e+01	0.000000e+00	0.000000e+00	0.000000e+00
4.750000e+01	4.850000e+01	0.000000e+00	0.000000e+00	0.000000e+00
4.850000e+01	4.950000e+01	0.000000e+00	0.000000e+00	0.000000e+00
# END HISTO1D

# BEGIN HISTO1D //afs/cern.ch/user/d/dsatco/herbvi6500/yoda_files/40TeV_iproc7099_ct14nlo.yoda/MY_ANALYSIS_NUMBER/ELECTRONs
ErrorBars=1
LineColor=blue
LineStyle=solid
Path=//afs/cern.ch/user/d/dsatco/herbvi6500/yoda_files/40TeV_iproc7099_ct14nlo.yoda/MY_ANALYSIS_NUMBER/ELECTRONs
ScaledBy=5.00000000000000024e-05
Title=ct14nlo
XLabel=
YLabel=
# xlow	 xhigh	 val	 errminus	 errplus
-5.000000e-01	5.000000e-01	0.000000e+00	0.000000e+00	0.000000e+00
5.000000e-01	1.500000e+00	5.000000e-05	5.000000e-05	5.000000e-05
1.500000e+00	2.500000e+00	7.500000e-04	1.936492e-04	1.936492e-04
2.500000e+00	3.500000e+00	1.300000e-03	2.549510e-04	2.549510e-04
3.500000e+00	4.500000e+00	3.350000e-03	4.092676e-04	4.092676e-04
4.500000e+00	5.500000e+00	8.500000e-03	6.519202e-04	6.519202e-04
5.500000e+00	6.500000e+00	1.620000e-02	9.000000e-04	9.000000e-04
6.500000e+00	7.500000e+00	2.335000e-02	1.080509e-03	1.080509e-03
7.500000e+00	8.500000e+00	3.185000e-02	1.261943e-03	1.261943e-03
8.500000e+00	9.500000e+00	4.455000e-02	1.492481e-03	1.492481e-03
9.500000e+00	1.050000e+01	5.580000e-02	1.670329e-03	1.670329e-03
1.050000e+01	1.150000e+01	6.510000e-02	1.804162e-03	1.804162e-03
1.150000e+01	1.250000e+01	7.380000e-02	1.920937e-03	1.920937e-03
1.250000e+01	1.350000e+01	8.445000e-02	2.054872e-03	2.054872e-03
1.350000e+01	1.450000e+01	8.350000e-02	2.043282e-03	2.043282e-03
1.450000e+01	1.550000e+01	8.085000e-02	2.010597e-03	2.010597e-03
1.550000e+01	1.650000e+01	7.520000e-02	1.939072e-03	1.939072e-03
1.650000e+01	1.750000e+01	7.145000e-02	1.890106e-03	1.890106e-03
1.750000e+01	1.850000e+01	5.805000e-02	1.703673e-03	1.703673e-03
1.850000e+01	1.950000e+01	5.205000e-02	1.613227e-03	1.613227e-03
1.950000e+01	2.050000e+01	4.085000e-02	1.429161e-03	1.429161e-03
2.050000e+01	2.150000e+01	3.380000e-02	1.300000e-03	1.300000e-03
2.150000e+01	2.250000e+01	2.755000e-02	1.173669e-03	1.173669e-03
2.250000e+01	2.350000e+01	1.830000e-02	9.565563e-04	9.565563e-04
2.350000e+01	2.450000e+01	1.515000e-02	8.703448e-04	8.703448e-04
2.450000e+01	2.550000e+01	1.040000e-02	7.211103e-04	7.211103e-04
2.550000e+01	2.650000e+01	7.050000e-03	5.937171e-04	5.937171e-04
2.650000e+01	2.750000e+01	5.450000e-03	5.220153e-04	5.220153e-04
2.750000e+01	2.850000e+01	3.500000e-03	4.183300e-04	4.183300e-04
2.850000e+01	2.950000e+01	2.450000e-03	3.500000e-04	3.500000e-04
2.950000e+01	3.050000e+01	2.150000e-03	3.278719e-04	3.278719e-04
3.050000e+01	3.150000e+01	1.350000e-03	2.598076e-04	2.598076e-04
3.150000e+01	3.250000e+01	5.500000e-04	1.658312e-04	1.658312e-04
3.250000e+01	3.350000e+01	6.000000e-04	1.732051e-04	1.732051e-04
3.350000e+01	3.450000e+01	1.500000e-04	8.660254e-05	8.660254e-05
3.450000e+01	3.550000e+01	1.500000e-04	8.660254e-05	8.660254e-05
3.550000e+01	3.650000e+01	1.500000e-04	8.660254e-05	8.660254e-05
3.650000e+01	3.750000e+01	5.000000e-05	5.000000e-05	5.000000e-05
3.750000e+01	3.850000e+01	0.000000e+00	0.000000e+00	0.000000e+00
3.850000e+01	3.950000e+01	0.000000e+00	0.000000e+00	0.000000e+00
3.950000e+01	4.050000e+01	1.500000e-04	8.660254e-05	8.660254e-05
4.050000e+01	4.150000e+01	5.000000e-05	5.000000e-05	5.000000e-05
4.150000e+01	4.250000e+01	0.000000e+00	0.000000e+00	0.000000e+00
4.250000e+01	4.350000e+01	0.000000e+00	0.000000e+00	0.000000e+00
4.350000e+01	4.450000e+01	0.000000e+00	0.000000e+00	0.000000e+00
4.450000e+01	4.550000e+01	0.000000e+00	0.000000e+00	0.000000e+00
4.550000e+01	4.650000e+01	0.000000e+00	0.000000e+00	0.000000e+00
4.650000e+01	4.750000e+01	0.000000e+00	0.000000e+00	0.000000e+00
4.750000e+01	4.850000e+01	0.000000e+00	0.000000e+00	0.000000e+00
4.850000e+01	4.950000e+01	0.000000e+00	0.000000e+00	0.000000e+00
# END HISTO1D

# BEGIN HISTO1D //afs/cern.ch/user/d/dsatco/herbvi6500/yoda_files/40TeV_iproc7099_mmht2014.yoda/MY_ANALYSIS_NUMBER/ELECTRONs
ErrorBars=1
LineColor=green
LineStyle=solid
Path=//afs/cern.ch/user/d/dsatco/herbvi6500/yoda_files/40TeV_iproc7099_mmht2014.yoda/MY_ANALYSIS_NUMBER/ELECTRONs
ScaledBy=5.00000000000000024e-05
Title=mmht2014
XLabel=
YLabel=
# xlow	 xhigh	 val	 errminus	 errplus
-5.000000e-01	5.000000e-01	0.000000e+00	0.000000e+00	0.000000e+00
5.000000e-01	1.500000e+00	1.000000e-04	7.071068e-05	7.071068e-05
1.500000e+00	2.500000e+00	6.000000e-04	1.732051e-04	1.732051e-04
2.500000e+00	3.500000e+00	1.450000e-03	2.692582e-04	2.692582e-04
3.500000e+00	4.500000e+00	4.000000e-03	4.472136e-04	4.472136e-04
4.500000e+00	5.500000e+00	8.100000e-03	6.363961e-04	6.363961e-04
5.500000e+00	6.500000e+00	1.345000e-02	8.200610e-04	8.200610e-04
6.500000e+00	7.500000e+00	2.255000e-02	1.061838e-03	1.061838e-03
7.500000e+00	8.500000e+00	3.335000e-02	1.291317e-03	1.291317e-03
8.500000e+00	9.500000e+00	4.410000e-02	1.484924e-03	1.484924e-03
9.500000e+00	1.050000e+01	5.815000e-02	1.705139e-03	1.705139e-03
1.050000e+01	1.150000e+01	6.605000e-02	1.817278e-03	1.817278e-03
1.150000e+01	1.250000e+01	7.840000e-02	1.979899e-03	1.979899e-03
1.250000e+01	1.350000e+01	7.960000e-02	1.994994e-03	1.994994e-03
1.350000e+01	1.450000e+01	8.500000e-02	2.061553e-03	2.061553e-03
1.450000e+01	1.550000e+01	8.125000e-02	2.015564e-03	2.015564e-03
1.550000e+01	1.650000e+01	7.500000e-02	1.936492e-03	1.936492e-03
1.650000e+01	1.750000e+01	6.830000e-02	1.847972e-03	1.847972e-03
1.750000e+01	1.850000e+01	6.055000e-02	1.739971e-03	1.739971e-03
1.850000e+01	1.950000e+01	5.125000e-02	1.600781e-03	1.600781e-03
1.950000e+01	2.050000e+01	4.280000e-02	1.462874e-03	1.462874e-03
2.050000e+01	2.150000e+01	3.235000e-02	1.271810e-03	1.271810e-03
2.150000e+01	2.250000e+01	2.545000e-02	1.128051e-03	1.128051e-03
2.250000e+01	2.350000e+01	2.060000e-02	1.014889e-03	1.014889e-03
2.350000e+01	2.450000e+01	1.450000e-02	8.514693e-04	8.514693e-04
2.450000e+01	2.550000e+01	1.070000e-02	7.314369e-04	7.314369e-04
2.550000e+01	2.650000e+01	6.100000e-03	5.522681e-04	5.522681e-04
2.650000e+01	2.750000e+01	5.150000e-03	5.074446e-04	5.074446e-04
2.750000e+01	2.850000e+01	4.200000e-03	4.582576e-04	4.582576e-04
2.850000e+01	2.950000e+01	2.700000e-03	3.674235e-04	3.674235e-04
2.950000e+01	3.050000e+01	1.700000e-03	2.915476e-04	2.915476e-04
3.050000e+01	3.150000e+01	9.000000e-04	2.121320e-04	2.121320e-04
3.150000e+01	3.250000e+01	6.000000e-04	1.732051e-04	1.732051e-04
3.250000e+01	3.350000e+01	3.500000e-04	1.322876e-04	1.322876e-04
3.350000e+01	3.450000e+01	2.000000e-04	1.000000e-04	1.000000e-04
3.450000e+01	3.550000e+01	1.500000e-04	8.660254e-05	8.660254e-05
3.550000e+01	3.650000e+01	1.000000e-04	7.071068e-05	7.071068e-05
3.650000e+01	3.750000e+01	1.000000e-04	7.071068e-05	7.071068e-05
3.750000e+01	3.850000e+01	0.000000e+00	0.000000e+00	0.000000e+00
3.850000e+01	3.950000e+01	5.000000e-05	5.000000e-05	5.000000e-05
3.950000e+01	4.050000e+01	5.000000e-05	5.000000e-05	5.000000e-05
4.050000e+01	4.150000e+01	0.000000e+00	0.000000e+00	0.000000e+00
4.150000e+01	4.250000e+01	0.000000e+00	0.000000e+00	0.000000e+00
4.250000e+01	4.350000e+01	0.000000e+00	0.000000e+00	0.000000e+00
4.350000e+01	4.450000e+01	0.000000e+00	0.000000e+00	0.000000e+00
4.450000e+01	4.550000e+01	0.000000e+00	0.000000e+00	0.000000e+00
4.550000e+01	4.650000e+01	0.000000e+00	0.000000e+00	0.000000e+00
4.650000e+01	4.750000e+01	0.000000e+00	0.000000e+00	0.000000e+00
4.750000e+01	4.850000e+01	0.000000e+00	0.000000e+00	0.000000e+00
4.850000e+01	4.950000e+01	0.000000e+00	0.000000e+00	0.000000e+00
# END HISTO1D

# BEGIN HISTO1D //afs/cern.ch/user/d/dsatco/herbvi6500/yoda_files/40TeV_iproc7099_nnpdf30.yoda/MY_ANALYSIS_NUMBER/ELECTRONs
ErrorBars=1
LineColor=orange
LineStyle=solid
Path=//afs/cern.ch/user/d/dsatco/herbvi6500/yoda_files/40TeV_iproc7099_nnpdf30.yoda/MY_ANALYSIS_NUMBER/ELECTRONs
ScaledBy=5.00000000000000024e-05
Title=nnpdf30
XLabel=
YLabel=
# xlow	 xhigh	 val	 errminus	 errplus
-5.000000e-01	5.000000e-01	0.000000e+00	0.000000e+00	0.000000e+00
5.000000e-01	1.500000e+00	4.500000e-04	1.500000e-04	1.500000e-04
1.500000e+00	2.500000e+00	5.500000e-04	1.658312e-04	1.658312e-04
2.500000e+00	3.500000e+00	2.000000e-03	3.162278e-04	3.162278e-04
3.500000e+00	4.500000e+00	4.350000e-03	4.663690e-04	4.663690e-04
4.500000e+00	5.500000e+00	9.550000e-03	6.910137e-04	6.910137e-04
5.500000e+00	6.500000e+00	1.390000e-02	8.336666e-04	8.336666e-04
6.500000e+00	7.500000e+00	2.225000e-02	1.054751e-03	1.054751e-03
7.500000e+00	8.500000e+00	3.250000e-02	1.274755e-03	1.274755e-03
8.500000e+00	9.500000e+00	4.625000e-02	1.520691e-03	1.520691e-03
9.500000e+00	1.050000e+01	5.620000e-02	1.676305e-03	1.676305e-03
1.050000e+01	1.150000e+01	7.020000e-02	1.873499e-03	1.873499e-03
1.150000e+01	1.250000e+01	7.460000e-02	1.931321e-03	1.931321e-03
1.250000e+01	1.350000e+01	7.945000e-02	1.993113e-03	1.993113e-03
1.350000e+01	1.450000e+01	8.570000e-02	2.070024e-03	2.070024e-03
1.450000e+01	1.550000e+01	7.760000e-02	1.969772e-03	1.969772e-03
1.550000e+01	1.650000e+01	7.585000e-02	1.947434e-03	1.947434e-03
1.650000e+01	1.750000e+01	6.835000e-02	1.848648e-03	1.848648e-03
1.750000e+01	1.850000e+01	5.925000e-02	1.721191e-03	1.721191e-03
1.850000e+01	1.950000e+01	5.030000e-02	1.585875e-03	1.585875e-03
1.950000e+01	2.050000e+01	4.325000e-02	1.470544e-03	1.470544e-03
2.050000e+01	2.150000e+01	3.235000e-02	1.271810e-03	1.271810e-03
2.150000e+01	2.250000e+01	2.615000e-02	1.143460e-03	1.143460e-03
2.250000e+01	2.350000e+01	2.025000e-02	1.006231e-03	1.006231e-03
2.350000e+01	2.450000e+01	1.480000e-02	8.602325e-04	8.602325e-04
2.450000e+01	2.550000e+01	9.850000e-03	7.017834e-04	7.017834e-04
2.550000e+01	2.650000e+01	8.400000e-03	6.480741e-04	6.480741e-04
2.650000e+01	2.750000e+01	5.300000e-03	5.147815e-04	5.147815e-04
2.750000e+01	2.850000e+01	3.450000e-03	4.153312e-04	4.153312e-04
2.850000e+01	2.950000e+01	2.200000e-03	3.316625e-04	3.316625e-04
2.950000e+01	3.050000e+01	1.850000e-03	3.041381e-04	3.041381e-04
3.050000e+01	3.150000e+01	9.000000e-04	2.121320e-04	2.121320e-04
3.150000e+01	3.250000e+01	5.500000e-04	1.658312e-04	1.658312e-04
3.250000e+01	3.350000e+01	6.500000e-04	1.802776e-04	1.802776e-04
3.350000e+01	3.450000e+01	1.000000e-04	7.071068e-05	7.071068e-05
3.450000e+01	3.550000e+01	3.500000e-04	1.322876e-04	1.322876e-04
3.550000e+01	3.650000e+01	1.500000e-04	8.660254e-05	8.660254e-05
3.650000e+01	3.750000e+01	1.000000e-04	7.071068e-05	7.071068e-05
3.750000e+01	3.850000e+01	0.000000e+00	0.000000e+00	0.000000e+00
3.850000e+01	3.950000e+01	0.000000e+00	0.000000e+00	0.000000e+00
3.950000e+01	4.050000e+01	5.000000e-05	5.000000e-05	5.000000e-05
4.050000e+01	4.150000e+01	0.000000e+00	0.000000e+00	0.000000e+00
4.150000e+01	4.250000e+01	0.000000e+00	0.000000e+00	0.000000e+00
4.250000e+01	4.350000e+01	0.000000e+00	0.000000e+00	0.000000e+00
4.350000e+01	4.450000e+01	0.000000e+00	0.000000e+00	0.000000e+00
4.450000e+01	4.550000e+01	0.000000e+00	0.000000e+00	0.000000e+00
4.550000e+01	4.650000e+01	0.000000e+00	0.000000e+00	0.000000e+00
4.650000e+01	4.750000e+01	0.000000e+00	0.000000e+00	0.000000e+00
4.750000e+01	4.850000e+01	0.000000e+00	0.000000e+00	0.000000e+00
4.850000e+01	4.950000e+01	0.000000e+00	0.000000e+00	0.000000e+00
# END HISTO1D

