# BEGIN PLOT
RatioPlotYLabel=Ratio
LegendOnly=//afs/cern.ch/user/d/dsatco/herbvi6500/yoda_files/40TeV_iproc7099_20t_ev.yoda/MY_ANALYSIS_NUMBER/LEPTONs //afs/cern.ch/user/d/dsatco/herbvi6500/yoda_files/40TeV_iproc7099_ct14nlo.yoda/MY_ANALYSIS_NUMBER/LEPTONs //afs/cern.ch/user/d/dsatco/herbvi6500/yoda_files/40TeV_iproc7099_mmht2014.yoda/MY_ANALYSIS_NUMBER/LEPTONs //afs/cern.ch/user/d/dsatco/herbvi6500/yoda_files/40TeV_iproc7099_nnpdf30.yoda/MY_ANALYSIS_NUMBER/LEPTONs
XLabel=$N_{lept}$
RatioPlotReference=//afs/cern.ch/user/d/dsatco/herbvi6500/yoda_files/40TeV_iproc7099_20t_ev.yoda/MY_ANALYSIS_NUMBER/LEPTONs
YLabel=$\mathrm{d}N_\text{evt}/\mathrm{d}N_{lept}$
DrawOnly=//afs/cern.ch/user/d/dsatco/herbvi6500/yoda_files/40TeV_iproc7099_20t_ev.yoda/MY_ANALYSIS_NUMBER/LEPTONs //afs/cern.ch/user/d/dsatco/herbvi6500/yoda_files/40TeV_iproc7099_ct14nlo.yoda/MY_ANALYSIS_NUMBER/LEPTONs //afs/cern.ch/user/d/dsatco/herbvi6500/yoda_files/40TeV_iproc7099_mmht2014.yoda/MY_ANALYSIS_NUMBER/LEPTONs //afs/cern.ch/user/d/dsatco/herbvi6500/yoda_files/40TeV_iproc7099_nnpdf30.yoda/MY_ANALYSIS_NUMBER/LEPTONs
RatioPlot=1
Title=Multiplicity distribution for leptons
Legend=1
LogY=0
# END PLOT

# BEGIN HISTO1D //afs/cern.ch/user/d/dsatco/herbvi6500/yoda_files/40TeV_iproc7099_20t_ev.yoda/MY_ANALYSIS_NUMBER/LEPTONs
ErrorBars=1
LineColor=red
LineStyle=solid
Path=//afs/cern.ch/user/d/dsatco/herbvi6500/yoda_files/40TeV_iproc7099_20t_ev.yoda/MY_ANALYSIS_NUMBER/LEPTONs
ScaledBy=5.00000000000000024e-05
Title=mstw1998
XLabel=
YLabel=
# xlow	 xhigh	 val	 errminus	 errplus
-5.000000e-01	5.000000e-01	0.000000e+00	0.000000e+00	0.000000e+00
5.000000e-01	1.500000e+00	0.000000e+00	0.000000e+00	0.000000e+00
1.500000e+00	2.500000e+00	0.000000e+00	0.000000e+00	0.000000e+00
2.500000e+00	3.500000e+00	0.000000e+00	0.000000e+00	0.000000e+00
3.500000e+00	4.500000e+00	0.000000e+00	0.000000e+00	0.000000e+00
4.500000e+00	5.500000e+00	1.500000e-04	8.660254e-05	8.660254e-05
5.500000e+00	6.500000e+00	1.000000e-04	7.071068e-05	7.071068e-05
6.500000e+00	7.500000e+00	5.000000e-04	1.581139e-04	1.581139e-04
7.500000e+00	8.500000e+00	1.300000e-03	2.549510e-04	2.549510e-04
8.500000e+00	9.500000e+00	2.600000e-03	3.605551e-04	3.605551e-04
9.500000e+00	1.050000e+01	4.850000e-03	4.924429e-04	4.924429e-04
1.050000e+01	1.150000e+01	7.600000e-03	6.164414e-04	6.164414e-04
1.150000e+01	1.250000e+01	1.400000e-02	8.366600e-04	8.366600e-04
1.250000e+01	1.350000e+01	1.975000e-02	9.937303e-04	9.937303e-04
1.350000e+01	1.450000e+01	2.840000e-02	1.191638e-03	1.191638e-03
1.450000e+01	1.550000e+01	3.530000e-02	1.328533e-03	1.328533e-03
1.550000e+01	1.650000e+01	4.945000e-02	1.572419e-03	1.572419e-03
1.650000e+01	1.750000e+01	5.600000e-02	1.673320e-03	1.673320e-03
1.750000e+01	1.850000e+01	6.155000e-02	1.754280e-03	1.754280e-03
1.850000e+01	1.950000e+01	6.795000e-02	1.843231e-03	1.843231e-03
1.950000e+01	2.050000e+01	7.365000e-02	1.918984e-03	1.918984e-03
2.050000e+01	2.150000e+01	7.360000e-02	1.918333e-03	1.918333e-03
2.150000e+01	2.250000e+01	7.400000e-02	1.923538e-03	1.923538e-03
2.250000e+01	2.350000e+01	6.910000e-02	1.858763e-03	1.858763e-03
2.350000e+01	2.450000e+01	6.815000e-02	1.845941e-03	1.845941e-03
2.450000e+01	2.550000e+01	5.700000e-02	1.688194e-03	1.688194e-03
2.550000e+01	2.650000e+01	5.085000e-02	1.594522e-03	1.594522e-03
2.650000e+01	2.750000e+01	3.975000e-02	1.409787e-03	1.409787e-03
2.750000e+01	2.850000e+01	3.545000e-02	1.331353e-03	1.331353e-03
2.850000e+01	2.950000e+01	2.650000e-02	1.151086e-03	1.151086e-03
2.950000e+01	3.050000e+01	2.220000e-02	1.053565e-03	1.053565e-03
3.050000e+01	3.150000e+01	1.710000e-02	9.246621e-04	9.246621e-04
3.150000e+01	3.250000e+01	1.390000e-02	8.336666e-04	8.336666e-04
3.250000e+01	3.350000e+01	9.600000e-03	6.928203e-04	6.928203e-04
3.350000e+01	3.450000e+01	6.700000e-03	5.787918e-04	5.787918e-04
3.450000e+01	3.550000e+01	5.100000e-03	5.049752e-04	5.049752e-04
3.550000e+01	3.650000e+01	2.800000e-03	3.741657e-04	3.741657e-04
3.650000e+01	3.750000e+01	1.650000e-03	2.872281e-04	2.872281e-04
3.750000e+01	3.850000e+01	9.500000e-04	2.179449e-04	2.179449e-04
3.850000e+01	3.950000e+01	8.000000e-04	2.000000e-04	2.000000e-04
3.950000e+01	4.050000e+01	7.000000e-04	1.870829e-04	1.870829e-04
4.050000e+01	4.150000e+01	4.500000e-04	1.500000e-04	1.500000e-04
4.150000e+01	4.250000e+01	1.500000e-04	8.660254e-05	8.660254e-05
4.250000e+01	4.350000e+01	1.500000e-04	8.660254e-05	8.660254e-05
4.350000e+01	4.450000e+01	5.000000e-05	5.000000e-05	5.000000e-05
4.450000e+01	4.550000e+01	1.000000e-04	7.071068e-05	7.071068e-05
4.550000e+01	4.650000e+01	5.000000e-05	5.000000e-05	5.000000e-05
4.650000e+01	4.750000e+01	0.000000e+00	0.000000e+00	0.000000e+00
4.750000e+01	4.850000e+01	0.000000e+00	0.000000e+00	0.000000e+00
4.850000e+01	4.950000e+01	0.000000e+00	0.000000e+00	0.000000e+00
# END HISTO1D

# BEGIN HISTO1D //afs/cern.ch/user/d/dsatco/herbvi6500/yoda_files/40TeV_iproc7099_ct14nlo.yoda/MY_ANALYSIS_NUMBER/LEPTONs
ErrorBars=1
LineColor=blue
LineStyle=solid
Path=//afs/cern.ch/user/d/dsatco/herbvi6500/yoda_files/40TeV_iproc7099_ct14nlo.yoda/MY_ANALYSIS_NUMBER/LEPTONs
ScaledBy=5.00000000000000024e-05
Title=ct14nlo
XLabel=
YLabel=
# xlow	 xhigh	 val	 errminus	 errplus
-5.000000e-01	5.000000e-01	0.000000e+00	0.000000e+00	0.000000e+00
5.000000e-01	1.500000e+00	0.000000e+00	0.000000e+00	0.000000e+00
1.500000e+00	2.500000e+00	0.000000e+00	0.000000e+00	0.000000e+00
2.500000e+00	3.500000e+00	0.000000e+00	0.000000e+00	0.000000e+00
3.500000e+00	4.500000e+00	0.000000e+00	0.000000e+00	0.000000e+00
4.500000e+00	5.500000e+00	1.500000e-04	8.660254e-05	8.660254e-05
5.500000e+00	6.500000e+00	1.000000e-04	7.071068e-05	7.071068e-05
6.500000e+00	7.500000e+00	6.000000e-04	1.732051e-04	1.732051e-04
7.500000e+00	8.500000e+00	1.550000e-03	2.783882e-04	2.783882e-04
8.500000e+00	9.500000e+00	3.600000e-03	4.242641e-04	4.242641e-04
9.500000e+00	1.050000e+01	5.650000e-03	5.315073e-04	5.315073e-04
1.050000e+01	1.150000e+01	7.900000e-03	6.284903e-04	6.284903e-04
1.150000e+01	1.250000e+01	1.580000e-02	8.888194e-04	8.888194e-04
1.250000e+01	1.350000e+01	2.020000e-02	1.004988e-03	1.004988e-03
1.350000e+01	1.450000e+01	2.655000e-02	1.152172e-03	1.152172e-03
1.450000e+01	1.550000e+01	3.625000e-02	1.346291e-03	1.346291e-03
1.550000e+01	1.650000e+01	4.755000e-02	1.541914e-03	1.541914e-03
1.650000e+01	1.750000e+01	5.540000e-02	1.664332e-03	1.664332e-03
1.750000e+01	1.850000e+01	6.580000e-02	1.813836e-03	1.813836e-03
1.850000e+01	1.950000e+01	7.130000e-02	1.888121e-03	1.888121e-03
1.950000e+01	2.050000e+01	7.485000e-02	1.934554e-03	1.934554e-03
2.050000e+01	2.150000e+01	7.255000e-02	1.904600e-03	1.904600e-03
2.150000e+01	2.250000e+01	7.370000e-02	1.919635e-03	1.919635e-03
2.250000e+01	2.350000e+01	6.595000e-02	1.815902e-03	1.815902e-03
2.350000e+01	2.450000e+01	6.245000e-02	1.767060e-03	1.767060e-03
2.450000e+01	2.550000e+01	5.680000e-02	1.685230e-03	1.685230e-03
2.550000e+01	2.650000e+01	5.000000e-02	1.581139e-03	1.581139e-03
2.650000e+01	2.750000e+01	4.050000e-02	1.423025e-03	1.423025e-03
2.750000e+01	2.850000e+01	3.420000e-02	1.307670e-03	1.307670e-03
2.850000e+01	2.950000e+01	2.815000e-02	1.186381e-03	1.186381e-03
2.950000e+01	3.050000e+01	2.170000e-02	1.041633e-03	1.041633e-03
3.050000e+01	3.150000e+01	1.770000e-02	9.407444e-04	9.407444e-04
3.150000e+01	3.250000e+01	1.250000e-02	7.905694e-04	7.905694e-04
3.250000e+01	3.350000e+01	8.700000e-03	6.595453e-04	6.595453e-04
3.350000e+01	3.450000e+01	6.850000e-03	5.852350e-04	5.852350e-04
3.450000e+01	3.550000e+01	4.450000e-03	4.716991e-04	4.716991e-04
3.550000e+01	3.650000e+01	3.650000e-03	4.272002e-04	4.272002e-04
3.650000e+01	3.750000e+01	2.650000e-03	3.640055e-04	3.640055e-04
3.750000e+01	3.850000e+01	9.000000e-04	2.121320e-04	2.121320e-04
3.850000e+01	3.950000e+01	1.650000e-03	2.872281e-04	2.872281e-04
3.950000e+01	4.050000e+01	8.500000e-04	2.061553e-04	2.061553e-04
4.050000e+01	4.150000e+01	2.500000e-04	1.118034e-04	1.118034e-04
4.150000e+01	4.250000e+01	5.000000e-05	5.000000e-05	5.000000e-05
4.250000e+01	4.350000e+01	2.500000e-04	1.118034e-04	1.118034e-04
4.350000e+01	4.450000e+01	5.000000e-05	5.000000e-05	5.000000e-05
4.450000e+01	4.550000e+01	5.000000e-05	5.000000e-05	5.000000e-05
4.550000e+01	4.650000e+01	1.000000e-04	7.071068e-05	7.071068e-05
4.650000e+01	4.750000e+01	5.000000e-05	5.000000e-05	5.000000e-05
4.750000e+01	4.850000e+01	0.000000e+00	0.000000e+00	0.000000e+00
4.850000e+01	4.950000e+01	0.000000e+00	0.000000e+00	0.000000e+00
# END HISTO1D

# BEGIN HISTO1D //afs/cern.ch/user/d/dsatco/herbvi6500/yoda_files/40TeV_iproc7099_mmht2014.yoda/MY_ANALYSIS_NUMBER/LEPTONs
ErrorBars=1
LineColor=green
LineStyle=solid
Path=//afs/cern.ch/user/d/dsatco/herbvi6500/yoda_files/40TeV_iproc7099_mmht2014.yoda/MY_ANALYSIS_NUMBER/LEPTONs
ScaledBy=5.00000000000000024e-05
Title=mmht2014
XLabel=
YLabel=
# xlow	 xhigh	 val	 errminus	 errplus
-5.000000e-01	5.000000e-01	0.000000e+00	0.000000e+00	0.000000e+00
5.000000e-01	1.500000e+00	0.000000e+00	0.000000e+00	0.000000e+00
1.500000e+00	2.500000e+00	0.000000e+00	0.000000e+00	0.000000e+00
2.500000e+00	3.500000e+00	0.000000e+00	0.000000e+00	0.000000e+00
3.500000e+00	4.500000e+00	0.000000e+00	0.000000e+00	0.000000e+00
4.500000e+00	5.500000e+00	2.500000e-04	1.118034e-04	1.118034e-04
5.500000e+00	6.500000e+00	1.000000e-04	7.071068e-05	7.071068e-05
6.500000e+00	7.500000e+00	9.000000e-04	2.121320e-04	2.121320e-04
7.500000e+00	8.500000e+00	7.500000e-04	1.936492e-04	1.936492e-04
8.500000e+00	9.500000e+00	3.300000e-03	4.062019e-04	4.062019e-04
9.500000e+00	1.050000e+01	4.800000e-03	4.898979e-04	4.898979e-04
1.050000e+01	1.150000e+01	7.950000e-03	6.304760e-04	6.304760e-04
1.150000e+01	1.250000e+01	1.400000e-02	8.366600e-04	8.366600e-04
1.250000e+01	1.350000e+01	2.075000e-02	1.018577e-03	1.018577e-03
1.350000e+01	1.450000e+01	2.800000e-02	1.183216e-03	1.183216e-03
1.450000e+01	1.550000e+01	3.690000e-02	1.358308e-03	1.358308e-03
1.550000e+01	1.650000e+01	4.565000e-02	1.510794e-03	1.510794e-03
1.650000e+01	1.750000e+01	5.720000e-02	1.691153e-03	1.691153e-03
1.750000e+01	1.850000e+01	6.455000e-02	1.796524e-03	1.796524e-03
1.850000e+01	1.950000e+01	6.930000e-02	1.861451e-03	1.861451e-03
1.950000e+01	2.050000e+01	7.575000e-02	1.946150e-03	1.946150e-03
2.050000e+01	2.150000e+01	7.450000e-02	1.930026e-03	1.930026e-03
2.150000e+01	2.250000e+01	7.460000e-02	1.931321e-03	1.931321e-03
2.250000e+01	2.350000e+01	7.065000e-02	1.879495e-03	1.879495e-03
2.350000e+01	2.450000e+01	6.325000e-02	1.778342e-03	1.778342e-03
2.450000e+01	2.550000e+01	5.670000e-02	1.683746e-03	1.683746e-03
2.550000e+01	2.650000e+01	4.795000e-02	1.548386e-03	1.548386e-03
2.650000e+01	2.750000e+01	4.145000e-02	1.439618e-03	1.439618e-03
2.750000e+01	2.850000e+01	3.360000e-02	1.296148e-03	1.296148e-03
2.850000e+01	2.950000e+01	2.590000e-02	1.137981e-03	1.137981e-03
2.950000e+01	3.050000e+01	2.185000e-02	1.045227e-03	1.045227e-03
3.050000e+01	3.150000e+01	1.755000e-02	9.367497e-04	9.367497e-04
3.150000e+01	3.250000e+01	1.195000e-02	7.729812e-04	7.729812e-04
3.250000e+01	3.350000e+01	9.600000e-03	6.928203e-04	6.928203e-04
3.350000e+01	3.450000e+01	6.850000e-03	5.852350e-04	5.852350e-04
3.450000e+01	3.550000e+01	4.300000e-03	4.636809e-04	4.636809e-04
3.550000e+01	3.650000e+01	3.000000e-03	3.872983e-04	3.872983e-04
3.650000e+01	3.750000e+01	2.050000e-03	3.201562e-04	3.201562e-04
3.750000e+01	3.850000e+01	1.300000e-03	2.549510e-04	2.549510e-04
3.850000e+01	3.950000e+01	1.150000e-03	2.397916e-04	2.397916e-04
3.950000e+01	4.050000e+01	8.000000e-04	2.000000e-04	2.000000e-04
4.050000e+01	4.150000e+01	3.000000e-04	1.224745e-04	1.224745e-04
4.150000e+01	4.250000e+01	1.500000e-04	8.660254e-05	8.660254e-05
4.250000e+01	4.350000e+01	5.000000e-05	5.000000e-05	5.000000e-05
4.350000e+01	4.450000e+01	2.000000e-04	1.000000e-04	1.000000e-04
4.450000e+01	4.550000e+01	1.000000e-04	7.071068e-05	7.071068e-05
4.550000e+01	4.650000e+01	5.000000e-05	5.000000e-05	5.000000e-05
4.650000e+01	4.750000e+01	0.000000e+00	0.000000e+00	0.000000e+00
4.750000e+01	4.850000e+01	0.000000e+00	0.000000e+00	0.000000e+00
4.850000e+01	4.950000e+01	0.000000e+00	0.000000e+00	0.000000e+00
# END HISTO1D

# BEGIN HISTO1D //afs/cern.ch/user/d/dsatco/herbvi6500/yoda_files/40TeV_iproc7099_nnpdf30.yoda/MY_ANALYSIS_NUMBER/LEPTONs
ErrorBars=1
LineColor=orange
LineStyle=solid
Path=//afs/cern.ch/user/d/dsatco/herbvi6500/yoda_files/40TeV_iproc7099_nnpdf30.yoda/MY_ANALYSIS_NUMBER/LEPTONs
ScaledBy=5.00000000000000024e-05
Title=nnpdf30
XLabel=
YLabel=
# xlow	 xhigh	 val	 errminus	 errplus
-5.000000e-01	5.000000e-01	0.000000e+00	0.000000e+00	0.000000e+00
5.000000e-01	1.500000e+00	0.000000e+00	0.000000e+00	0.000000e+00
1.500000e+00	2.500000e+00	0.000000e+00	0.000000e+00	0.000000e+00
2.500000e+00	3.500000e+00	5.000000e-05	5.000000e-05	5.000000e-05
3.500000e+00	4.500000e+00	0.000000e+00	0.000000e+00	0.000000e+00
4.500000e+00	5.500000e+00	1.000000e-04	7.071068e-05	7.071068e-05
5.500000e+00	6.500000e+00	2.000000e-04	1.000000e-04	1.000000e-04
6.500000e+00	7.500000e+00	9.500000e-04	2.179449e-04	2.179449e-04
7.500000e+00	8.500000e+00	1.450000e-03	2.692582e-04	2.692582e-04
8.500000e+00	9.500000e+00	3.600000e-03	4.242641e-04	4.242641e-04
9.500000e+00	1.050000e+01	4.600000e-03	4.795832e-04	4.795832e-04
1.050000e+01	1.150000e+01	8.550000e-03	6.538348e-04	6.538348e-04
1.150000e+01	1.250000e+01	1.445000e-02	8.500000e-04	8.500000e-04
1.250000e+01	1.350000e+01	2.010000e-02	1.002497e-03	1.002497e-03
1.350000e+01	1.450000e+01	2.830000e-02	1.189538e-03	1.189538e-03
1.450000e+01	1.550000e+01	3.810000e-02	1.380217e-03	1.380217e-03
1.550000e+01	1.650000e+01	4.640000e-02	1.523155e-03	1.523155e-03
1.650000e+01	1.750000e+01	5.850000e-02	1.710263e-03	1.710263e-03
1.750000e+01	1.850000e+01	6.625000e-02	1.820027e-03	1.820027e-03
1.850000e+01	1.950000e+01	7.125000e-02	1.887459e-03	1.887459e-03
1.950000e+01	2.050000e+01	7.325000e-02	1.913766e-03	1.913766e-03
2.050000e+01	2.150000e+01	7.440000e-02	1.928730e-03	1.928730e-03
2.150000e+01	2.250000e+01	6.980000e-02	1.868154e-03	1.868154e-03
2.250000e+01	2.350000e+01	6.930000e-02	1.861451e-03	1.861451e-03
2.350000e+01	2.450000e+01	6.385000e-02	1.786757e-03	1.786757e-03
2.450000e+01	2.550000e+01	5.435000e-02	1.648484e-03	1.648484e-03
2.550000e+01	2.650000e+01	4.965000e-02	1.575595e-03	1.575595e-03
2.650000e+01	2.750000e+01	4.165000e-02	1.443087e-03	1.443087e-03
2.750000e+01	2.850000e+01	3.245000e-02	1.273774e-03	1.273774e-03
2.850000e+01	2.950000e+01	2.835000e-02	1.190588e-03	1.190588e-03
2.950000e+01	3.050000e+01	2.070000e-02	1.017349e-03	1.017349e-03
3.050000e+01	3.150000e+01	1.550000e-02	8.803408e-04	8.803408e-04
3.150000e+01	3.250000e+01	1.260000e-02	7.937254e-04	7.937254e-04
3.250000e+01	3.350000e+01	9.750000e-03	6.982120e-04	6.982120e-04
3.350000e+01	3.450000e+01	6.700000e-03	5.787918e-04	5.787918e-04
3.450000e+01	3.550000e+01	4.750000e-03	4.873397e-04	4.873397e-04
3.550000e+01	3.650000e+01	3.450000e-03	4.153312e-04	4.153312e-04
3.650000e+01	3.750000e+01	2.300000e-03	3.391165e-04	3.391165e-04
3.750000e+01	3.850000e+01	1.750000e-03	2.958040e-04	2.958040e-04
3.850000e+01	3.950000e+01	6.500000e-04	1.802776e-04	1.802776e-04
3.950000e+01	4.050000e+01	6.500000e-04	1.802776e-04	1.802776e-04
4.050000e+01	4.150000e+01	3.500000e-04	1.322876e-04	1.322876e-04
4.150000e+01	4.250000e+01	3.000000e-04	1.224745e-04	1.224745e-04
4.250000e+01	4.350000e+01	2.000000e-04	1.000000e-04	1.000000e-04
4.350000e+01	4.450000e+01	2.000000e-04	1.000000e-04	1.000000e-04
4.450000e+01	4.550000e+01	5.000000e-05	5.000000e-05	5.000000e-05
4.550000e+01	4.650000e+01	1.000000e-04	7.071068e-05	7.071068e-05
4.650000e+01	4.750000e+01	0.000000e+00	0.000000e+00	0.000000e+00
4.750000e+01	4.850000e+01	5.000000e-05	5.000000e-05	5.000000e-05
4.850000e+01	4.950000e+01	5.000000e-05	5.000000e-05	5.000000e-05
# END HISTO1D

