# BEGIN PLOT
RatioPlotYLabel=Ratio
LegendOnly=//afs/cern.ch/user/d/dsatco/herbvi6500/yoda_files/40TeV_iproc7099_20t_ev.yoda/MY_ANALYSIS_NUMBER/MUONs //afs/cern.ch/user/d/dsatco/herbvi6500/yoda_files/40TeV_iproc7099_ct14nlo.yoda/MY_ANALYSIS_NUMBER/MUONs //afs/cern.ch/user/d/dsatco/herbvi6500/yoda_files/40TeV_iproc7099_mmht2014.yoda/MY_ANALYSIS_NUMBER/MUONs //afs/cern.ch/user/d/dsatco/herbvi6500/yoda_files/40TeV_iproc7099_nnpdf30.yoda/MY_ANALYSIS_NUMBER/MUONs
XLabel=$N_\mu$
RatioPlotReference=//afs/cern.ch/user/d/dsatco/herbvi6500/yoda_files/40TeV_iproc7099_20t_ev.yoda/MY_ANALYSIS_NUMBER/MUONs
YLabel=$\mathrm{d}N_\text{evt}/\mathrm{d}N_\mu$
DrawOnly=//afs/cern.ch/user/d/dsatco/herbvi6500/yoda_files/40TeV_iproc7099_20t_ev.yoda/MY_ANALYSIS_NUMBER/MUONs //afs/cern.ch/user/d/dsatco/herbvi6500/yoda_files/40TeV_iproc7099_ct14nlo.yoda/MY_ANALYSIS_NUMBER/MUONs //afs/cern.ch/user/d/dsatco/herbvi6500/yoda_files/40TeV_iproc7099_mmht2014.yoda/MY_ANALYSIS_NUMBER/MUONs //afs/cern.ch/user/d/dsatco/herbvi6500/yoda_files/40TeV_iproc7099_nnpdf30.yoda/MY_ANALYSIS_NUMBER/MUONs
RatioPlot=1
Title=Multiplicity distribution for $\mu^+$, $\mu^-$
Legend=1
LogY=0
# END PLOT

# BEGIN HISTO1D //afs/cern.ch/user/d/dsatco/herbvi6500/yoda_files/40TeV_iproc7099_20t_ev.yoda/MY_ANALYSIS_NUMBER/MUONs
ErrorBars=1
LineColor=red
LineStyle=solid
Path=//afs/cern.ch/user/d/dsatco/herbvi6500/yoda_files/40TeV_iproc7099_20t_ev.yoda/MY_ANALYSIS_NUMBER/MUONs
ScaledBy=5.00000000000000024e-05
Title=mstw1998
XLabel=
YLabel=
# xlow	 xhigh	 val	 errminus	 errplus
-5.000000e-01	5.000000e-01	1.900000e-03	3.082207e-04	3.082207e-04
5.000000e-01	1.500000e+00	9.200000e-03	6.782330e-04	6.782330e-04
1.500000e+00	2.500000e+00	2.690000e-02	1.159741e-03	1.159741e-03
2.500000e+00	3.500000e+00	5.950000e-02	1.724819e-03	1.724819e-03
3.500000e+00	4.500000e+00	9.545000e-02	2.184605e-03	2.184605e-03
4.500000e+00	5.500000e+00	1.305500e-01	2.554897e-03	2.554897e-03
5.500000e+00	6.500000e+00	1.435000e-01	2.678619e-03	2.678619e-03
6.500000e+00	7.500000e+00	1.471500e-01	2.712471e-03	2.712471e-03
7.500000e+00	8.500000e+00	1.269000e-01	2.518928e-03	2.518928e-03
8.500000e+00	9.500000e+00	1.008500e-01	2.245551e-03	2.245551e-03
9.500000e+00	1.050000e+01	6.600000e-02	1.816590e-03	1.816590e-03
1.050000e+01	1.150000e+01	4.235000e-02	1.455163e-03	1.455163e-03
1.150000e+01	1.250000e+01	2.470000e-02	1.111306e-03	1.111306e-03
1.250000e+01	1.350000e+01	1.415000e-02	8.411302e-04	8.411302e-04
1.350000e+01	1.450000e+01	5.900000e-03	5.431390e-04	5.431390e-04
1.450000e+01	1.550000e+01	2.950000e-03	3.840573e-04	3.840573e-04
1.550000e+01	1.650000e+01	1.300000e-03	2.549510e-04	2.549510e-04
1.650000e+01	1.750000e+01	4.500000e-04	1.500000e-04	1.500000e-04
1.750000e+01	1.850000e+01	3.000000e-04	1.224745e-04	1.224745e-04
1.850000e+01	1.950000e+01	0.000000e+00	0.000000e+00	0.000000e+00
1.950000e+01	2.050000e+01	0.000000e+00	0.000000e+00	0.000000e+00
2.050000e+01	2.150000e+01	0.000000e+00	0.000000e+00	0.000000e+00
2.150000e+01	2.250000e+01	0.000000e+00	0.000000e+00	0.000000e+00
2.250000e+01	2.350000e+01	0.000000e+00	0.000000e+00	0.000000e+00
2.350000e+01	2.450000e+01	0.000000e+00	0.000000e+00	0.000000e+00
2.450000e+01	2.550000e+01	0.000000e+00	0.000000e+00	0.000000e+00
2.550000e+01	2.650000e+01	0.000000e+00	0.000000e+00	0.000000e+00
2.650000e+01	2.750000e+01	0.000000e+00	0.000000e+00	0.000000e+00
2.750000e+01	2.850000e+01	0.000000e+00	0.000000e+00	0.000000e+00
2.850000e+01	2.950000e+01	0.000000e+00	0.000000e+00	0.000000e+00
2.950000e+01	3.050000e+01	0.000000e+00	0.000000e+00	0.000000e+00
3.050000e+01	3.150000e+01	0.000000e+00	0.000000e+00	0.000000e+00
3.150000e+01	3.250000e+01	0.000000e+00	0.000000e+00	0.000000e+00
3.250000e+01	3.350000e+01	0.000000e+00	0.000000e+00	0.000000e+00
3.350000e+01	3.450000e+01	0.000000e+00	0.000000e+00	0.000000e+00
3.450000e+01	3.550000e+01	0.000000e+00	0.000000e+00	0.000000e+00
3.550000e+01	3.650000e+01	0.000000e+00	0.000000e+00	0.000000e+00
3.650000e+01	3.750000e+01	0.000000e+00	0.000000e+00	0.000000e+00
3.750000e+01	3.850000e+01	0.000000e+00	0.000000e+00	0.000000e+00
3.850000e+01	3.950000e+01	0.000000e+00	0.000000e+00	0.000000e+00
3.950000e+01	4.050000e+01	0.000000e+00	0.000000e+00	0.000000e+00
4.050000e+01	4.150000e+01	0.000000e+00	0.000000e+00	0.000000e+00
4.150000e+01	4.250000e+01	0.000000e+00	0.000000e+00	0.000000e+00
4.250000e+01	4.350000e+01	0.000000e+00	0.000000e+00	0.000000e+00
4.350000e+01	4.450000e+01	0.000000e+00	0.000000e+00	0.000000e+00
4.450000e+01	4.550000e+01	0.000000e+00	0.000000e+00	0.000000e+00
4.550000e+01	4.650000e+01	0.000000e+00	0.000000e+00	0.000000e+00
4.650000e+01	4.750000e+01	0.000000e+00	0.000000e+00	0.000000e+00
4.750000e+01	4.850000e+01	0.000000e+00	0.000000e+00	0.000000e+00
4.850000e+01	4.950000e+01	0.000000e+00	0.000000e+00	0.000000e+00
# END HISTO1D

# BEGIN HISTO1D //afs/cern.ch/user/d/dsatco/herbvi6500/yoda_files/40TeV_iproc7099_ct14nlo.yoda/MY_ANALYSIS_NUMBER/MUONs
ErrorBars=1
LineColor=blue
LineStyle=solid
Path=//afs/cern.ch/user/d/dsatco/herbvi6500/yoda_files/40TeV_iproc7099_ct14nlo.yoda/MY_ANALYSIS_NUMBER/MUONs
ScaledBy=5.00000000000000024e-05
Title=ct14nlo
XLabel=
YLabel=
# xlow	 xhigh	 val	 errminus	 errplus
-5.000000e-01	5.000000e-01	1.550000e-03	2.783882e-04	2.783882e-04
5.000000e-01	1.500000e+00	9.800000e-03	7.000000e-04	7.000000e-04
1.500000e+00	2.500000e+00	2.725000e-02	1.167262e-03	1.167262e-03
2.500000e+00	3.500000e+00	5.700000e-02	1.688194e-03	1.688194e-03
3.500000e+00	4.500000e+00	9.865000e-02	2.220923e-03	2.220923e-03
4.500000e+00	5.500000e+00	1.325500e-01	2.574393e-03	2.574393e-03
5.500000e+00	6.500000e+00	1.504500e-01	2.742718e-03	2.742718e-03
6.500000e+00	7.500000e+00	1.510000e-01	2.747726e-03	2.747726e-03
7.500000e+00	8.500000e+00	1.237000e-01	2.486966e-03	2.486966e-03
8.500000e+00	9.500000e+00	9.275000e-02	2.153486e-03	2.153486e-03
9.500000e+00	1.050000e+01	6.730000e-02	1.834394e-03	1.834394e-03
1.050000e+01	1.150000e+01	3.995000e-02	1.413329e-03	1.413329e-03
1.150000e+01	1.250000e+01	2.445000e-02	1.105667e-03	1.105667e-03
1.250000e+01	1.350000e+01	1.265000e-02	7.952987e-04	7.952987e-04
1.350000e+01	1.450000e+01	6.550000e-03	5.722762e-04	5.722762e-04
1.450000e+01	1.550000e+01	2.550000e-03	3.570714e-04	3.570714e-04
1.550000e+01	1.650000e+01	1.050000e-03	2.291288e-04	2.291288e-04
1.650000e+01	1.750000e+01	5.500000e-04	1.658312e-04	1.658312e-04
1.750000e+01	1.850000e+01	2.000000e-04	1.000000e-04	1.000000e-04
1.850000e+01	1.950000e+01	5.000000e-05	5.000000e-05	5.000000e-05
1.950000e+01	2.050000e+01	0.000000e+00	0.000000e+00	0.000000e+00
2.050000e+01	2.150000e+01	0.000000e+00	0.000000e+00	0.000000e+00
2.150000e+01	2.250000e+01	0.000000e+00	0.000000e+00	0.000000e+00
2.250000e+01	2.350000e+01	0.000000e+00	0.000000e+00	0.000000e+00
2.350000e+01	2.450000e+01	0.000000e+00	0.000000e+00	0.000000e+00
2.450000e+01	2.550000e+01	0.000000e+00	0.000000e+00	0.000000e+00
2.550000e+01	2.650000e+01	0.000000e+00	0.000000e+00	0.000000e+00
2.650000e+01	2.750000e+01	0.000000e+00	0.000000e+00	0.000000e+00
2.750000e+01	2.850000e+01	0.000000e+00	0.000000e+00	0.000000e+00
2.850000e+01	2.950000e+01	0.000000e+00	0.000000e+00	0.000000e+00
2.950000e+01	3.050000e+01	0.000000e+00	0.000000e+00	0.000000e+00
3.050000e+01	3.150000e+01	0.000000e+00	0.000000e+00	0.000000e+00
3.150000e+01	3.250000e+01	0.000000e+00	0.000000e+00	0.000000e+00
3.250000e+01	3.350000e+01	0.000000e+00	0.000000e+00	0.000000e+00
3.350000e+01	3.450000e+01	0.000000e+00	0.000000e+00	0.000000e+00
3.450000e+01	3.550000e+01	0.000000e+00	0.000000e+00	0.000000e+00
3.550000e+01	3.650000e+01	0.000000e+00	0.000000e+00	0.000000e+00
3.650000e+01	3.750000e+01	0.000000e+00	0.000000e+00	0.000000e+00
3.750000e+01	3.850000e+01	0.000000e+00	0.000000e+00	0.000000e+00
3.850000e+01	3.950000e+01	0.000000e+00	0.000000e+00	0.000000e+00
3.950000e+01	4.050000e+01	0.000000e+00	0.000000e+00	0.000000e+00
4.050000e+01	4.150000e+01	0.000000e+00	0.000000e+00	0.000000e+00
4.150000e+01	4.250000e+01	0.000000e+00	0.000000e+00	0.000000e+00
4.250000e+01	4.350000e+01	0.000000e+00	0.000000e+00	0.000000e+00
4.350000e+01	4.450000e+01	0.000000e+00	0.000000e+00	0.000000e+00
4.450000e+01	4.550000e+01	0.000000e+00	0.000000e+00	0.000000e+00
4.550000e+01	4.650000e+01	0.000000e+00	0.000000e+00	0.000000e+00
4.650000e+01	4.750000e+01	0.000000e+00	0.000000e+00	0.000000e+00
4.750000e+01	4.850000e+01	0.000000e+00	0.000000e+00	0.000000e+00
4.850000e+01	4.950000e+01	0.000000e+00	0.000000e+00	0.000000e+00
# END HISTO1D

# BEGIN HISTO1D //afs/cern.ch/user/d/dsatco/herbvi6500/yoda_files/40TeV_iproc7099_mmht2014.yoda/MY_ANALYSIS_NUMBER/MUONs
ErrorBars=1
LineColor=green
LineStyle=solid
Path=//afs/cern.ch/user/d/dsatco/herbvi6500/yoda_files/40TeV_iproc7099_mmht2014.yoda/MY_ANALYSIS_NUMBER/MUONs
ScaledBy=5.00000000000000024e-05
Title=mmht2014
XLabel=
YLabel=
# xlow	 xhigh	 val	 errminus	 errplus
-5.000000e-01	5.000000e-01	1.800000e-03	3.000000e-04	3.000000e-04
5.000000e-01	1.500000e+00	1.005000e-02	7.088723e-04	7.088723e-04
1.500000e+00	2.500000e+00	2.740000e-02	1.170470e-03	1.170470e-03
2.500000e+00	3.500000e+00	5.970000e-02	1.727715e-03	1.727715e-03
3.500000e+00	4.500000e+00	9.560000e-02	2.186321e-03	2.186321e-03
4.500000e+00	5.500000e+00	1.283000e-01	2.532785e-03	2.532785e-03
5.500000e+00	6.500000e+00	1.538000e-01	2.773085e-03	2.773085e-03
6.500000e+00	7.500000e+00	1.449500e-01	2.692118e-03	2.692118e-03
7.500000e+00	8.500000e+00	1.260000e-01	2.509980e-03	2.509980e-03
8.500000e+00	9.500000e+00	9.780000e-02	2.211334e-03	2.211334e-03
9.500000e+00	1.050000e+01	6.420000e-02	1.791647e-03	1.791647e-03
1.050000e+01	1.150000e+01	4.275000e-02	1.462019e-03	1.462019e-03
1.150000e+01	1.250000e+01	2.450000e-02	1.106797e-03	1.106797e-03
1.250000e+01	1.350000e+01	1.270000e-02	7.968689e-04	7.968689e-04
1.350000e+01	1.450000e+01	5.800000e-03	5.385165e-04	5.385165e-04
1.450000e+01	1.550000e+01	2.700000e-03	3.674235e-04	3.674235e-04
1.550000e+01	1.650000e+01	1.150000e-03	2.397916e-04	2.397916e-04
1.650000e+01	1.750000e+01	5.000000e-04	1.581139e-04	1.581139e-04
1.750000e+01	1.850000e+01	3.000000e-04	1.224745e-04	1.224745e-04
1.850000e+01	1.950000e+01	0.000000e+00	0.000000e+00	0.000000e+00
1.950000e+01	2.050000e+01	0.000000e+00	0.000000e+00	0.000000e+00
2.050000e+01	2.150000e+01	0.000000e+00	0.000000e+00	0.000000e+00
2.150000e+01	2.250000e+01	0.000000e+00	0.000000e+00	0.000000e+00
2.250000e+01	2.350000e+01	0.000000e+00	0.000000e+00	0.000000e+00
2.350000e+01	2.450000e+01	0.000000e+00	0.000000e+00	0.000000e+00
2.450000e+01	2.550000e+01	0.000000e+00	0.000000e+00	0.000000e+00
2.550000e+01	2.650000e+01	0.000000e+00	0.000000e+00	0.000000e+00
2.650000e+01	2.750000e+01	0.000000e+00	0.000000e+00	0.000000e+00
2.750000e+01	2.850000e+01	0.000000e+00	0.000000e+00	0.000000e+00
2.850000e+01	2.950000e+01	0.000000e+00	0.000000e+00	0.000000e+00
2.950000e+01	3.050000e+01	0.000000e+00	0.000000e+00	0.000000e+00
3.050000e+01	3.150000e+01	0.000000e+00	0.000000e+00	0.000000e+00
3.150000e+01	3.250000e+01	0.000000e+00	0.000000e+00	0.000000e+00
3.250000e+01	3.350000e+01	0.000000e+00	0.000000e+00	0.000000e+00
3.350000e+01	3.450000e+01	0.000000e+00	0.000000e+00	0.000000e+00
3.450000e+01	3.550000e+01	0.000000e+00	0.000000e+00	0.000000e+00
3.550000e+01	3.650000e+01	0.000000e+00	0.000000e+00	0.000000e+00
3.650000e+01	3.750000e+01	0.000000e+00	0.000000e+00	0.000000e+00
3.750000e+01	3.850000e+01	0.000000e+00	0.000000e+00	0.000000e+00
3.850000e+01	3.950000e+01	0.000000e+00	0.000000e+00	0.000000e+00
3.950000e+01	4.050000e+01	0.000000e+00	0.000000e+00	0.000000e+00
4.050000e+01	4.150000e+01	0.000000e+00	0.000000e+00	0.000000e+00
4.150000e+01	4.250000e+01	0.000000e+00	0.000000e+00	0.000000e+00
4.250000e+01	4.350000e+01	0.000000e+00	0.000000e+00	0.000000e+00
4.350000e+01	4.450000e+01	0.000000e+00	0.000000e+00	0.000000e+00
4.450000e+01	4.550000e+01	0.000000e+00	0.000000e+00	0.000000e+00
4.550000e+01	4.650000e+01	0.000000e+00	0.000000e+00	0.000000e+00
4.650000e+01	4.750000e+01	0.000000e+00	0.000000e+00	0.000000e+00
4.750000e+01	4.850000e+01	0.000000e+00	0.000000e+00	0.000000e+00
4.850000e+01	4.950000e+01	0.000000e+00	0.000000e+00	0.000000e+00
# END HISTO1D

# BEGIN HISTO1D //afs/cern.ch/user/d/dsatco/herbvi6500/yoda_files/40TeV_iproc7099_nnpdf30.yoda/MY_ANALYSIS_NUMBER/MUONs
ErrorBars=1
LineColor=orange
LineStyle=solid
Path=//afs/cern.ch/user/d/dsatco/herbvi6500/yoda_files/40TeV_iproc7099_nnpdf30.yoda/MY_ANALYSIS_NUMBER/MUONs
ScaledBy=5.00000000000000024e-05
Title=nnpdf30
XLabel=
YLabel=
# xlow	 xhigh	 val	 errminus	 errplus
-5.000000e-01	5.000000e-01	2.100000e-03	3.240370e-04	3.240370e-04
5.000000e-01	1.500000e+00	9.900000e-03	7.035624e-04	7.035624e-04
1.500000e+00	2.500000e+00	2.810000e-02	1.185327e-03	1.185327e-03
2.500000e+00	3.500000e+00	6.090000e-02	1.744993e-03	1.744993e-03
3.500000e+00	4.500000e+00	9.695000e-02	2.201704e-03	2.201704e-03
4.500000e+00	5.500000e+00	1.273500e-01	2.523391e-03	2.523391e-03
5.500000e+00	6.500000e+00	1.506500e-01	2.744540e-03	2.744540e-03
6.500000e+00	7.500000e+00	1.443500e-01	2.686541e-03	2.686541e-03
7.500000e+00	8.500000e+00	1.284500e-01	2.534265e-03	2.534265e-03
8.500000e+00	9.500000e+00	9.740000e-02	2.206808e-03	2.206808e-03
9.500000e+00	1.050000e+01	6.585000e-02	1.814525e-03	1.814525e-03
1.050000e+01	1.150000e+01	4.100000e-02	1.431782e-03	1.431782e-03
1.150000e+01	1.250000e+01	2.335000e-02	1.080509e-03	1.080509e-03
1.250000e+01	1.350000e+01	1.290000e-02	8.031189e-04	8.031189e-04
1.350000e+01	1.450000e+01	6.350000e-03	5.634714e-04	5.634714e-04
1.450000e+01	1.550000e+01	3.100000e-03	3.937004e-04	3.937004e-04
1.550000e+01	1.650000e+01	9.000000e-04	2.121320e-04	2.121320e-04
1.650000e+01	1.750000e+01	2.500000e-04	1.118034e-04	1.118034e-04
1.750000e+01	1.850000e+01	0.000000e+00	0.000000e+00	0.000000e+00
1.850000e+01	1.950000e+01	1.500000e-04	8.660254e-05	8.660254e-05
1.950000e+01	2.050000e+01	0.000000e+00	0.000000e+00	0.000000e+00
2.050000e+01	2.150000e+01	0.000000e+00	0.000000e+00	0.000000e+00
2.150000e+01	2.250000e+01	0.000000e+00	0.000000e+00	0.000000e+00
2.250000e+01	2.350000e+01	0.000000e+00	0.000000e+00	0.000000e+00
2.350000e+01	2.450000e+01	0.000000e+00	0.000000e+00	0.000000e+00
2.450000e+01	2.550000e+01	0.000000e+00	0.000000e+00	0.000000e+00
2.550000e+01	2.650000e+01	0.000000e+00	0.000000e+00	0.000000e+00
2.650000e+01	2.750000e+01	0.000000e+00	0.000000e+00	0.000000e+00
2.750000e+01	2.850000e+01	0.000000e+00	0.000000e+00	0.000000e+00
2.850000e+01	2.950000e+01	0.000000e+00	0.000000e+00	0.000000e+00
2.950000e+01	3.050000e+01	0.000000e+00	0.000000e+00	0.000000e+00
3.050000e+01	3.150000e+01	0.000000e+00	0.000000e+00	0.000000e+00
3.150000e+01	3.250000e+01	0.000000e+00	0.000000e+00	0.000000e+00
3.250000e+01	3.350000e+01	0.000000e+00	0.000000e+00	0.000000e+00
3.350000e+01	3.450000e+01	0.000000e+00	0.000000e+00	0.000000e+00
3.450000e+01	3.550000e+01	0.000000e+00	0.000000e+00	0.000000e+00
3.550000e+01	3.650000e+01	0.000000e+00	0.000000e+00	0.000000e+00
3.650000e+01	3.750000e+01	0.000000e+00	0.000000e+00	0.000000e+00
3.750000e+01	3.850000e+01	0.000000e+00	0.000000e+00	0.000000e+00
3.850000e+01	3.950000e+01	0.000000e+00	0.000000e+00	0.000000e+00
3.950000e+01	4.050000e+01	0.000000e+00	0.000000e+00	0.000000e+00
4.050000e+01	4.150000e+01	0.000000e+00	0.000000e+00	0.000000e+00
4.150000e+01	4.250000e+01	0.000000e+00	0.000000e+00	0.000000e+00
4.250000e+01	4.350000e+01	0.000000e+00	0.000000e+00	0.000000e+00
4.350000e+01	4.450000e+01	0.000000e+00	0.000000e+00	0.000000e+00
4.450000e+01	4.550000e+01	0.000000e+00	0.000000e+00	0.000000e+00
4.550000e+01	4.650000e+01	0.000000e+00	0.000000e+00	0.000000e+00
4.650000e+01	4.750000e+01	0.000000e+00	0.000000e+00	0.000000e+00
4.750000e+01	4.850000e+01	0.000000e+00	0.000000e+00	0.000000e+00
4.850000e+01	4.950000e+01	0.000000e+00	0.000000e+00	0.000000e+00
# END HISTO1D

