# BEGIN PLOT
RatioPlotYLabel=Ratio
LegendOnly=//afs/cern.ch/user/d/dsatco/herbvi6500/yoda_files/40TeV_iproc7099_20t_ev.yoda/MY_ANALYSIS_NUMBER/n-jet //afs/cern.ch/user/d/dsatco/herbvi6500/yoda_files/40TeV_iproc7099_ct14nlo.yoda/MY_ANALYSIS_NUMBER/n-jet //afs/cern.ch/user/d/dsatco/herbvi6500/yoda_files/40TeV_iproc7099_mmht2014.yoda/MY_ANALYSIS_NUMBER/n-jet //afs/cern.ch/user/d/dsatco/herbvi6500/yoda_files/40TeV_iproc7099_nnpdf30.yoda/MY_ANALYSIS_NUMBER/n-jet
XLabel=$N_j$
RatioPlotReference=//afs/cern.ch/user/d/dsatco/herbvi6500/yoda_files/40TeV_iproc7099_20t_ev.yoda/MY_ANALYSIS_NUMBER/n-jet
YLabel=$\mathrm{d}N_\text{evt}/\mathrm{d}N_j$
DrawOnly=//afs/cern.ch/user/d/dsatco/herbvi6500/yoda_files/40TeV_iproc7099_20t_ev.yoda/MY_ANALYSIS_NUMBER/n-jet //afs/cern.ch/user/d/dsatco/herbvi6500/yoda_files/40TeV_iproc7099_ct14nlo.yoda/MY_ANALYSIS_NUMBER/n-jet //afs/cern.ch/user/d/dsatco/herbvi6500/yoda_files/40TeV_iproc7099_mmht2014.yoda/MY_ANALYSIS_NUMBER/n-jet //afs/cern.ch/user/d/dsatco/herbvi6500/yoda_files/40TeV_iproc7099_nnpdf30.yoda/MY_ANALYSIS_NUMBER/n-jet
RatioPlot=1
Title=Multiplicity distribution for jets
Legend=1
LogY=0
# END PLOT

# BEGIN HISTO1D //afs/cern.ch/user/d/dsatco/herbvi6500/yoda_files/40TeV_iproc7099_20t_ev.yoda/MY_ANALYSIS_NUMBER/n-jet
ErrorBars=1
LineColor=red
LineStyle=solid
Path=//afs/cern.ch/user/d/dsatco/herbvi6500/yoda_files/40TeV_iproc7099_20t_ev.yoda/MY_ANALYSIS_NUMBER/n-jet
ScaledBy=5.00000000000000024e-05
Title=mstw1998
XLabel=
YLabel=
# xlow	 xhigh	 val	 errminus	 errplus
-5.000000e-01	1.010000e+00	0.000000e+00	0.000000e+00	0.000000e+00
1.010000e+00	2.520000e+00	0.000000e+00	0.000000e+00	0.000000e+00
2.520000e+00	4.030000e+00	0.000000e+00	0.000000e+00	0.000000e+00
4.030000e+00	5.540000e+00	0.000000e+00	0.000000e+00	0.000000e+00
5.540000e+00	7.050000e+00	0.000000e+00	0.000000e+00	0.000000e+00
7.050000e+00	8.560000e+00	0.000000e+00	0.000000e+00	0.000000e+00
8.560000e+00	1.007000e+01	0.000000e+00	0.000000e+00	0.000000e+00
1.007000e+01	1.158000e+01	0.000000e+00	0.000000e+00	0.000000e+00
1.158000e+01	1.309000e+01	0.000000e+00	0.000000e+00	0.000000e+00
1.309000e+01	1.460000e+01	0.000000e+00	0.000000e+00	0.000000e+00
1.460000e+01	1.611000e+01	0.000000e+00	0.000000e+00	0.000000e+00
1.611000e+01	1.762000e+01	0.000000e+00	0.000000e+00	0.000000e+00
1.762000e+01	1.913000e+01	0.000000e+00	0.000000e+00	0.000000e+00
1.913000e+01	2.064000e+01	0.000000e+00	0.000000e+00	0.000000e+00
2.064000e+01	2.215000e+01	0.000000e+00	0.000000e+00	0.000000e+00
2.215000e+01	2.366000e+01	0.000000e+00	0.000000e+00	0.000000e+00
2.366000e+01	2.517000e+01	0.000000e+00	0.000000e+00	0.000000e+00
2.517000e+01	2.668000e+01	0.000000e+00	0.000000e+00	0.000000e+00
2.668000e+01	2.819000e+01	0.000000e+00	0.000000e+00	0.000000e+00
2.819000e+01	2.970000e+01	0.000000e+00	0.000000e+00	0.000000e+00
2.970000e+01	3.121000e+01	0.000000e+00	0.000000e+00	0.000000e+00
3.121000e+01	3.272000e+01	0.000000e+00	0.000000e+00	0.000000e+00
3.272000e+01	3.423000e+01	0.000000e+00	0.000000e+00	0.000000e+00
3.423000e+01	3.574000e+01	0.000000e+00	0.000000e+00	0.000000e+00
3.574000e+01	3.725000e+01	0.000000e+00	0.000000e+00	0.000000e+00
3.725000e+01	3.876000e+01	0.000000e+00	0.000000e+00	0.000000e+00
3.876000e+01	4.027000e+01	0.000000e+00	0.000000e+00	0.000000e+00
4.027000e+01	4.178000e+01	0.000000e+00	0.000000e+00	0.000000e+00
4.178000e+01	4.329000e+01	0.000000e+00	0.000000e+00	0.000000e+00
4.329000e+01	4.480000e+01	3.311258e-05	3.311258e-05	3.311258e-05
4.480000e+01	4.631000e+01	0.000000e+00	0.000000e+00	0.000000e+00
4.631000e+01	4.782000e+01	3.311258e-05	3.311258e-05	3.311258e-05
4.782000e+01	4.933000e+01	1.655629e-04	7.404199e-05	7.404199e-05
4.933000e+01	5.084000e+01	6.622517e-05	4.682826e-05	4.682826e-05
5.084000e+01	5.235000e+01	9.602649e-04	1.783167e-04	1.783167e-04
5.235000e+01	5.386000e+01	8.940397e-04	1.720580e-04	1.720580e-04
5.386000e+01	5.537000e+01	2.615894e-03	2.943111e-04	2.943111e-04
5.537000e+01	5.688000e+01	1.721854e-03	2.387782e-04	2.387782e-04
5.688000e+01	5.839000e+01	5.264901e-03	4.175338e-04	4.175338e-04
5.839000e+01	5.990000e+01	4.569536e-03	3.889848e-04	3.889848e-04
5.990000e+01	6.141000e+01	1.059603e-02	5.923359e-04	5.923359e-04
6.141000e+01	6.292000e+01	7.052980e-03	4.832622e-04	4.832622e-04
6.292000e+01	6.443000e+01	1.874172e-02	7.877733e-04	7.877733e-04
6.443000e+01	6.594000e+01	1.056291e-02	5.914096e-04	5.914096e-04
6.594000e+01	6.745000e+01	2.662252e-02	9.389038e-04	9.389038e-04
6.745000e+01	6.896000e+01	1.443709e-02	6.914110e-04	6.914110e-04
6.896000e+01	7.047000e+01	3.341060e-02	1.051813e-03	1.051813e-03
7.047000e+01	7.198000e+01	2.062914e-02	8.264890e-04	8.264890e-04
7.198000e+01	7.349000e+01	4.072848e-02	1.161303e-03	1.161303e-03
7.349000e+01	7.500000e+01	2.135762e-02	8.409553e-04	8.409553e-04
7.500000e+01	7.651000e+01	4.142384e-02	1.171175e-03	1.171175e-03
7.651000e+01	7.802000e+01	4.307947e-02	1.194350e-03	1.194350e-03
7.802000e+01	7.953000e+01	2.254967e-02	8.641052e-04	8.641052e-04
7.953000e+01	8.104000e+01	4.387417e-02	1.205316e-03	1.205316e-03
8.104000e+01	8.255000e+01	2.099338e-02	8.337535e-04	8.337535e-04
8.255000e+01	8.406000e+01	3.860927e-02	1.130687e-03	1.130687e-03
8.406000e+01	8.557000e+01	1.695364e-02	7.492522e-04	7.492522e-04
8.557000e+01	8.708000e+01	3.264901e-02	1.039756e-03	1.039756e-03
8.708000e+01	8.859000e+01	1.589404e-02	7.254603e-04	7.254603e-04
8.859000e+01	9.010000e+01	2.807947e-02	9.642530e-04	9.642530e-04
9.010000e+01	9.161000e+01	1.301325e-02	6.564314e-04	6.564314e-04
9.161000e+01	9.312000e+01	2.357616e-02	8.835539e-04	8.835539e-04
9.312000e+01	9.463000e+01	1.062914e-02	5.932607e-04	5.932607e-04
9.463000e+01	9.614000e+01	1.834437e-02	7.793776e-04	7.793776e-04
9.614000e+01	9.765000e+01	7.516556e-03	4.988914e-04	4.988914e-04
9.765000e+01	9.916000e+01	1.344371e-02	6.672001e-04	6.672001e-04
9.916000e+01	1.006700e+02	5.960265e-03	4.442519e-04	4.442519e-04
1.006700e+02	1.021800e+02	9.867550e-03	5.716118e-04	5.716118e-04
1.021800e+02	1.036900e+02	4.370861e-03	3.804346e-04	3.804346e-04
1.036900e+02	1.052000e+02	7.450331e-03	4.966887e-04	4.966887e-04
1.052000e+02	1.067100e+02	2.880795e-03	3.088536e-04	3.088536e-04
1.067100e+02	1.082200e+02	5.364238e-03	4.214544e-04	4.214544e-04
1.082200e+02	1.097300e+02	1.887417e-03	2.499945e-04	2.499945e-04
1.097300e+02	1.112400e+02	4.139073e-03	3.702099e-04	3.702099e-04
1.112400e+02	1.127500e+02	1.390728e-03	2.145941e-04	2.145941e-04
1.127500e+02	1.142600e+02	2.483444e-03	2.867634e-04	2.867634e-04
1.142600e+02	1.157700e+02	5.960265e-04	1.404848e-04	1.404848e-04
1.157700e+02	1.172800e+02	1.158940e-03	1.958967e-04	1.958967e-04
1.172800e+02	1.187900e+02	6.953642e-04	1.517409e-04	1.517409e-04
1.187900e+02	1.203000e+02	8.940397e-04	1.720580e-04	1.720580e-04
1.203000e+02	1.218100e+02	2.649007e-04	9.365653e-05	9.365653e-05
1.218100e+02	1.233200e+02	7.615894e-04	1.588024e-04	1.588024e-04
1.233200e+02	1.248300e+02	1.986755e-04	8.110893e-05	8.110893e-05
1.248300e+02	1.263400e+02	3.642384e-04	1.098220e-04	1.098220e-04
1.263400e+02	1.278500e+02	9.933775e-05	5.735268e-05	5.735268e-05
1.278500e+02	1.293600e+02	9.933775e-05	5.735268e-05	5.735268e-05
1.293600e+02	1.308700e+02	3.311258e-05	3.311258e-05	3.311258e-05
1.308700e+02	1.323800e+02	6.622517e-05	4.682826e-05	4.682826e-05
1.323800e+02	1.338900e+02	6.622517e-05	4.682826e-05	4.682826e-05
1.338900e+02	1.354000e+02	3.311258e-05	3.311258e-05	3.311258e-05
1.354000e+02	1.369100e+02	3.311258e-05	3.311258e-05	3.311258e-05
1.369100e+02	1.384200e+02	0.000000e+00	0.000000e+00	0.000000e+00
1.384200e+02	1.399300e+02	0.000000e+00	0.000000e+00	0.000000e+00
1.399300e+02	1.414400e+02	0.000000e+00	0.000000e+00	0.000000e+00
1.414400e+02	1.429500e+02	0.000000e+00	0.000000e+00	0.000000e+00
1.429500e+02	1.444600e+02	0.000000e+00	0.000000e+00	0.000000e+00
1.444600e+02	1.459700e+02	0.000000e+00	0.000000e+00	0.000000e+00
1.459700e+02	1.474800e+02	0.000000e+00	0.000000e+00	0.000000e+00
1.474800e+02	1.489900e+02	0.000000e+00	0.000000e+00	0.000000e+00
1.489900e+02	1.505000e+02	0.000000e+00	0.000000e+00	0.000000e+00
# END HISTO1D

# BEGIN HISTO1D //afs/cern.ch/user/d/dsatco/herbvi6500/yoda_files/40TeV_iproc7099_ct14nlo.yoda/MY_ANALYSIS_NUMBER/n-jet
ErrorBars=1
LineColor=blue
LineStyle=solid
Path=//afs/cern.ch/user/d/dsatco/herbvi6500/yoda_files/40TeV_iproc7099_ct14nlo.yoda/MY_ANALYSIS_NUMBER/n-jet
ScaledBy=5.00000000000000024e-05
Title=ct14nlo
XLabel=
YLabel=
# xlow	 xhigh	 val	 errminus	 errplus
-5.000000e-01	1.010000e+00	0.000000e+00	0.000000e+00	0.000000e+00
1.010000e+00	2.520000e+00	0.000000e+00	0.000000e+00	0.000000e+00
2.520000e+00	4.030000e+00	0.000000e+00	0.000000e+00	0.000000e+00
4.030000e+00	5.540000e+00	0.000000e+00	0.000000e+00	0.000000e+00
5.540000e+00	7.050000e+00	0.000000e+00	0.000000e+00	0.000000e+00
7.050000e+00	8.560000e+00	0.000000e+00	0.000000e+00	0.000000e+00
8.560000e+00	1.007000e+01	0.000000e+00	0.000000e+00	0.000000e+00
1.007000e+01	1.158000e+01	0.000000e+00	0.000000e+00	0.000000e+00
1.158000e+01	1.309000e+01	0.000000e+00	0.000000e+00	0.000000e+00
1.309000e+01	1.460000e+01	0.000000e+00	0.000000e+00	0.000000e+00
1.460000e+01	1.611000e+01	0.000000e+00	0.000000e+00	0.000000e+00
1.611000e+01	1.762000e+01	0.000000e+00	0.000000e+00	0.000000e+00
1.762000e+01	1.913000e+01	0.000000e+00	0.000000e+00	0.000000e+00
1.913000e+01	2.064000e+01	0.000000e+00	0.000000e+00	0.000000e+00
2.064000e+01	2.215000e+01	0.000000e+00	0.000000e+00	0.000000e+00
2.215000e+01	2.366000e+01	0.000000e+00	0.000000e+00	0.000000e+00
2.366000e+01	2.517000e+01	0.000000e+00	0.000000e+00	0.000000e+00
2.517000e+01	2.668000e+01	0.000000e+00	0.000000e+00	0.000000e+00
2.668000e+01	2.819000e+01	0.000000e+00	0.000000e+00	0.000000e+00
2.819000e+01	2.970000e+01	0.000000e+00	0.000000e+00	0.000000e+00
2.970000e+01	3.121000e+01	0.000000e+00	0.000000e+00	0.000000e+00
3.121000e+01	3.272000e+01	0.000000e+00	0.000000e+00	0.000000e+00
3.272000e+01	3.423000e+01	0.000000e+00	0.000000e+00	0.000000e+00
3.423000e+01	3.574000e+01	0.000000e+00	0.000000e+00	0.000000e+00
3.574000e+01	3.725000e+01	0.000000e+00	0.000000e+00	0.000000e+00
3.725000e+01	3.876000e+01	0.000000e+00	0.000000e+00	0.000000e+00
3.876000e+01	4.027000e+01	0.000000e+00	0.000000e+00	0.000000e+00
4.027000e+01	4.178000e+01	0.000000e+00	0.000000e+00	0.000000e+00
4.178000e+01	4.329000e+01	0.000000e+00	0.000000e+00	0.000000e+00
4.329000e+01	4.480000e+01	0.000000e+00	0.000000e+00	0.000000e+00
4.480000e+01	4.631000e+01	6.622517e-05	4.682826e-05	4.682826e-05
4.631000e+01	4.782000e+01	6.622517e-05	4.682826e-05	4.682826e-05
4.782000e+01	4.933000e+01	3.973510e-04	1.147054e-04	1.147054e-04
4.933000e+01	5.084000e+01	2.317881e-04	8.760766e-05	8.760766e-05
5.084000e+01	5.235000e+01	6.291391e-04	1.443344e-04	1.443344e-04
5.235000e+01	5.386000e+01	1.026490e-03	1.843631e-04	1.843631e-04
5.386000e+01	5.537000e+01	2.417219e-03	2.829140e-04	2.829140e-04
5.537000e+01	5.688000e+01	1.788079e-03	2.433268e-04	2.433268e-04
5.688000e+01	5.839000e+01	5.298013e-03	4.188447e-04	4.188447e-04
5.839000e+01	5.990000e+01	3.874172e-03	3.581673e-04	3.581673e-04
5.990000e+01	6.141000e+01	1.062914e-02	5.932607e-04	5.932607e-04
6.141000e+01	6.292000e+01	6.556291e-03	4.659353e-04	4.659353e-04
6.292000e+01	6.443000e+01	1.791391e-02	7.701790e-04	7.701790e-04
6.443000e+01	6.594000e+01	1.082781e-02	5.987795e-04	5.987795e-04
6.594000e+01	6.745000e+01	2.798013e-02	9.625458e-04	9.625458e-04
6.745000e+01	6.896000e+01	1.536424e-02	7.132669e-04	7.132669e-04
6.896000e+01	7.047000e+01	3.516556e-02	1.079084e-03	1.079084e-03
7.047000e+01	7.198000e+01	1.754967e-02	7.623089e-04	7.623089e-04
7.198000e+01	7.349000e+01	3.966887e-02	1.146097e-03	1.146097e-03
7.349000e+01	7.500000e+01	2.142384e-02	8.422581e-04	8.422581e-04
7.500000e+01	7.651000e+01	4.314570e-02	1.195268e-03	1.195268e-03
7.651000e+01	7.802000e+01	4.413907e-02	1.208949e-03	1.208949e-03
7.802000e+01	7.953000e+01	2.215232e-02	8.564581e-04	8.564581e-04
7.953000e+01	8.104000e+01	4.168874e-02	1.174914e-03	1.174914e-03
8.104000e+01	8.255000e+01	2.023179e-02	8.184905e-04	8.184905e-04
8.255000e+01	8.406000e+01	3.834437e-02	1.126801e-03	1.126801e-03
8.406000e+01	8.557000e+01	1.774834e-02	7.666117e-04	7.666117e-04
8.557000e+01	8.708000e+01	3.480132e-02	1.073481e-03	1.073481e-03
8.708000e+01	8.859000e+01	1.576159e-02	7.224313e-04	7.224313e-04
8.859000e+01	9.010000e+01	2.841060e-02	9.699218e-04	9.699218e-04
9.010000e+01	9.161000e+01	1.314570e-02	6.597635e-04	6.597635e-04
9.161000e+01	9.312000e+01	2.264901e-02	8.660064e-04	8.660064e-04
9.312000e+01	9.463000e+01	1.079470e-02	5.978632e-04	5.978632e-04
9.463000e+01	9.614000e+01	1.675497e-02	7.448491e-04	7.448491e-04
9.614000e+01	9.765000e+01	8.046358e-03	5.161741e-04	5.161741e-04
9.765000e+01	9.916000e+01	1.367550e-02	6.729272e-04	6.729272e-04
9.916000e+01	1.006700e+02	6.225166e-03	4.540169e-04	4.540169e-04
1.006700e+02	1.021800e+02	9.337748e-03	5.560548e-04	5.560548e-04
1.021800e+02	1.036900e+02	4.602649e-03	3.903916e-04	3.903916e-04
1.036900e+02	1.052000e+02	7.814570e-03	5.086851e-04	5.086851e-04
1.052000e+02	1.067100e+02	3.344371e-03	3.327773e-04	3.327773e-04
1.067100e+02	1.082200e+02	4.900662e-03	4.028320e-04	4.028320e-04
1.082200e+02	1.097300e+02	2.019868e-03	2.586175e-04	2.586175e-04
1.097300e+02	1.112400e+02	3.642384e-03	3.472877e-04	3.472877e-04
1.112400e+02	1.127500e+02	1.556291e-03	2.270084e-04	2.270084e-04
1.127500e+02	1.142600e+02	2.185430e-03	2.690079e-04	2.690079e-04
1.142600e+02	1.157700e+02	8.278146e-04	1.655629e-04	1.655629e-04
1.157700e+02	1.172800e+02	2.086093e-03	2.628230e-04	2.628230e-04
1.172800e+02	1.187900e+02	3.311258e-04	1.047112e-04	1.047112e-04
1.187900e+02	1.203000e+02	8.940397e-04	1.720580e-04	1.720580e-04
1.203000e+02	1.218100e+02	3.973510e-04	1.147054e-04	1.147054e-04
1.218100e+02	1.233200e+02	4.966887e-04	1.282445e-04	1.282445e-04
1.233200e+02	1.248300e+02	1.986755e-04	8.110893e-05	8.110893e-05
1.248300e+02	1.263400e+02	4.635762e-04	1.238959e-04	1.238959e-04
1.263400e+02	1.278500e+02	9.933775e-05	5.735268e-05	5.735268e-05
1.278500e+02	1.293600e+02	1.324503e-04	6.622517e-05	6.622517e-05
1.293600e+02	1.308700e+02	9.933775e-05	5.735268e-05	5.735268e-05
1.308700e+02	1.323800e+02	3.311258e-05	3.311258e-05	3.311258e-05
1.323800e+02	1.338900e+02	3.311258e-05	3.311258e-05	3.311258e-05
1.338900e+02	1.354000e+02	1.324503e-04	6.622517e-05	6.622517e-05
1.354000e+02	1.369100e+02	0.000000e+00	0.000000e+00	0.000000e+00
1.369100e+02	1.384200e+02	3.311258e-05	3.311258e-05	3.311258e-05
1.384200e+02	1.399300e+02	0.000000e+00	0.000000e+00	0.000000e+00
1.399300e+02	1.414400e+02	0.000000e+00	0.000000e+00	0.000000e+00
1.414400e+02	1.429500e+02	0.000000e+00	0.000000e+00	0.000000e+00
1.429500e+02	1.444600e+02	0.000000e+00	0.000000e+00	0.000000e+00
1.444600e+02	1.459700e+02	0.000000e+00	0.000000e+00	0.000000e+00
1.459700e+02	1.474800e+02	0.000000e+00	0.000000e+00	0.000000e+00
1.474800e+02	1.489900e+02	0.000000e+00	0.000000e+00	0.000000e+00
1.489900e+02	1.505000e+02	0.000000e+00	0.000000e+00	0.000000e+00
# END HISTO1D

# BEGIN HISTO1D //afs/cern.ch/user/d/dsatco/herbvi6500/yoda_files/40TeV_iproc7099_mmht2014.yoda/MY_ANALYSIS_NUMBER/n-jet
ErrorBars=1
LineColor=green
LineStyle=solid
Path=//afs/cern.ch/user/d/dsatco/herbvi6500/yoda_files/40TeV_iproc7099_mmht2014.yoda/MY_ANALYSIS_NUMBER/n-jet
ScaledBy=5.00000000000000024e-05
Title=mmht2014
XLabel=
YLabel=
# xlow	 xhigh	 val	 errminus	 errplus
-5.000000e-01	1.010000e+00	0.000000e+00	0.000000e+00	0.000000e+00
1.010000e+00	2.520000e+00	0.000000e+00	0.000000e+00	0.000000e+00
2.520000e+00	4.030000e+00	0.000000e+00	0.000000e+00	0.000000e+00
4.030000e+00	5.540000e+00	0.000000e+00	0.000000e+00	0.000000e+00
5.540000e+00	7.050000e+00	0.000000e+00	0.000000e+00	0.000000e+00
7.050000e+00	8.560000e+00	0.000000e+00	0.000000e+00	0.000000e+00
8.560000e+00	1.007000e+01	0.000000e+00	0.000000e+00	0.000000e+00
1.007000e+01	1.158000e+01	0.000000e+00	0.000000e+00	0.000000e+00
1.158000e+01	1.309000e+01	0.000000e+00	0.000000e+00	0.000000e+00
1.309000e+01	1.460000e+01	0.000000e+00	0.000000e+00	0.000000e+00
1.460000e+01	1.611000e+01	0.000000e+00	0.000000e+00	0.000000e+00
1.611000e+01	1.762000e+01	0.000000e+00	0.000000e+00	0.000000e+00
1.762000e+01	1.913000e+01	0.000000e+00	0.000000e+00	0.000000e+00
1.913000e+01	2.064000e+01	0.000000e+00	0.000000e+00	0.000000e+00
2.064000e+01	2.215000e+01	0.000000e+00	0.000000e+00	0.000000e+00
2.215000e+01	2.366000e+01	0.000000e+00	0.000000e+00	0.000000e+00
2.366000e+01	2.517000e+01	0.000000e+00	0.000000e+00	0.000000e+00
2.517000e+01	2.668000e+01	0.000000e+00	0.000000e+00	0.000000e+00
2.668000e+01	2.819000e+01	0.000000e+00	0.000000e+00	0.000000e+00
2.819000e+01	2.970000e+01	0.000000e+00	0.000000e+00	0.000000e+00
2.970000e+01	3.121000e+01	0.000000e+00	0.000000e+00	0.000000e+00
3.121000e+01	3.272000e+01	0.000000e+00	0.000000e+00	0.000000e+00
3.272000e+01	3.423000e+01	0.000000e+00	0.000000e+00	0.000000e+00
3.423000e+01	3.574000e+01	0.000000e+00	0.000000e+00	0.000000e+00
3.574000e+01	3.725000e+01	0.000000e+00	0.000000e+00	0.000000e+00
3.725000e+01	3.876000e+01	0.000000e+00	0.000000e+00	0.000000e+00
3.876000e+01	4.027000e+01	0.000000e+00	0.000000e+00	0.000000e+00
4.027000e+01	4.178000e+01	0.000000e+00	0.000000e+00	0.000000e+00
4.178000e+01	4.329000e+01	0.000000e+00	0.000000e+00	0.000000e+00
4.329000e+01	4.480000e+01	0.000000e+00	0.000000e+00	0.000000e+00
4.480000e+01	4.631000e+01	1.324503e-04	6.622517e-05	6.622517e-05
4.631000e+01	4.782000e+01	1.655629e-04	7.404199e-05	7.404199e-05
4.782000e+01	4.933000e+01	2.980132e-04	9.933775e-05	9.933775e-05
4.933000e+01	5.084000e+01	2.317881e-04	8.760766e-05	8.760766e-05
5.084000e+01	5.235000e+01	7.615894e-04	1.588024e-04	1.588024e-04
5.235000e+01	5.386000e+01	4.966887e-04	1.282445e-04	1.282445e-04
5.386000e+01	5.537000e+01	2.417219e-03	2.829140e-04	2.829140e-04
5.537000e+01	5.688000e+01	2.284768e-03	2.750538e-04	2.750538e-04
5.688000e+01	5.839000e+01	5.463576e-03	4.253388e-04	4.253388e-04
5.839000e+01	5.990000e+01	3.543046e-03	3.425192e-04	3.425192e-04
5.990000e+01	6.141000e+01	1.188742e-02	6.273939e-04	6.273939e-04
6.141000e+01	6.292000e+01	6.490066e-03	4.635762e-04	4.635762e-04
6.292000e+01	6.443000e+01	1.764901e-02	7.644633e-04	7.644633e-04
6.443000e+01	6.594000e+01	1.056291e-02	5.914096e-04	5.914096e-04
6.594000e+01	6.745000e+01	2.639073e-02	9.348076e-04	9.348076e-04
6.745000e+01	6.896000e+01	1.334437e-02	6.647305e-04	6.647305e-04
6.896000e+01	7.047000e+01	3.559603e-02	1.085669e-03	1.085669e-03
7.047000e+01	7.198000e+01	1.900662e-02	7.933211e-04	7.933211e-04
7.198000e+01	7.349000e+01	4.139073e-02	1.170707e-03	1.170707e-03
7.349000e+01	7.500000e+01	2.062914e-02	8.264890e-04	8.264890e-04
7.500000e+01	7.651000e+01	4.291391e-02	1.192053e-03	1.192053e-03
7.651000e+01	7.802000e+01	4.735099e-02	1.252164e-03	1.252164e-03
7.802000e+01	7.953000e+01	2.172185e-02	8.480959e-04	8.480959e-04
7.953000e+01	8.104000e+01	4.192053e-02	1.178175e-03	1.178175e-03
8.104000e+01	8.255000e+01	2.168874e-02	8.474493e-04	8.474493e-04
8.255000e+01	8.406000e+01	3.917219e-02	1.138900e-03	1.138900e-03
8.406000e+01	8.557000e+01	1.768212e-02	7.651801e-04	7.651801e-04
8.557000e+01	8.708000e+01	3.211921e-02	1.031286e-03	1.031286e-03
8.708000e+01	8.859000e+01	1.427152e-02	6.874351e-04	6.874351e-04
8.859000e+01	9.010000e+01	2.960265e-02	9.900607e-04	9.900607e-04
9.010000e+01	9.161000e+01	1.268212e-02	6.480260e-04	6.480260e-04
9.161000e+01	9.312000e+01	2.122517e-02	8.383436e-04	8.383436e-04
9.312000e+01	9.463000e+01	1.019868e-02	5.811235e-04	5.811235e-04
9.463000e+01	9.614000e+01	1.807947e-02	7.737299e-04	7.737299e-04
9.614000e+01	9.765000e+01	7.847682e-03	5.097617e-04	5.097617e-04
9.765000e+01	9.916000e+01	1.387417e-02	6.777977e-04	6.777977e-04
9.916000e+01	1.006700e+02	6.125828e-03	4.503798e-04	4.503798e-04
1.006700e+02	1.021800e+02	1.013245e-02	5.792336e-04	5.792336e-04
1.021800e+02	1.036900e+02	5.000000e-03	4.068942e-04	4.068942e-04
1.036900e+02	1.052000e+02	7.880795e-03	5.108360e-04	5.108360e-04
1.052000e+02	1.067100e+02	2.649007e-03	2.961679e-04	2.961679e-04
1.067100e+02	1.082200e+02	4.602649e-03	3.903916e-04	3.903916e-04
1.082200e+02	1.097300e+02	2.384106e-03	2.809696e-04	2.809696e-04
1.097300e+02	1.112400e+02	3.476821e-03	3.393030e-04	3.393030e-04
1.112400e+02	1.127500e+02	1.291391e-03	2.067880e-04	2.067880e-04
1.127500e+02	1.142600e+02	2.350993e-03	2.790116e-04	2.790116e-04
1.142600e+02	1.157700e+02	8.940397e-04	1.720580e-04	1.720580e-04
1.157700e+02	1.172800e+02	1.125828e-03	1.930779e-04	1.930779e-04
1.172800e+02	1.187900e+02	5.298013e-04	1.324503e-04	1.324503e-04
1.187900e+02	1.203000e+02	7.284768e-04	1.553118e-04	1.553118e-04
1.203000e+02	1.218100e+02	3.642384e-04	1.098220e-04	1.098220e-04
1.218100e+02	1.233200e+02	5.960265e-04	1.404848e-04	1.404848e-04
1.233200e+02	1.248300e+02	2.317881e-04	8.760766e-05	8.760766e-05
1.248300e+02	1.263400e+02	2.317881e-04	8.760766e-05	8.760766e-05
1.263400e+02	1.278500e+02	1.324503e-04	6.622517e-05	6.622517e-05
1.278500e+02	1.293600e+02	2.649007e-04	9.365653e-05	9.365653e-05
1.293600e+02	1.308700e+02	9.933775e-05	5.735268e-05	5.735268e-05
1.308700e+02	1.323800e+02	0.000000e+00	0.000000e+00	0.000000e+00
1.323800e+02	1.338900e+02	0.000000e+00	0.000000e+00	0.000000e+00
1.338900e+02	1.354000e+02	3.311258e-05	3.311258e-05	3.311258e-05
1.354000e+02	1.369100e+02	0.000000e+00	0.000000e+00	0.000000e+00
1.369100e+02	1.384200e+02	3.311258e-05	3.311258e-05	3.311258e-05
1.384200e+02	1.399300e+02	0.000000e+00	0.000000e+00	0.000000e+00
1.399300e+02	1.414400e+02	0.000000e+00	0.000000e+00	0.000000e+00
1.414400e+02	1.429500e+02	0.000000e+00	0.000000e+00	0.000000e+00
1.429500e+02	1.444600e+02	0.000000e+00	0.000000e+00	0.000000e+00
1.444600e+02	1.459700e+02	0.000000e+00	0.000000e+00	0.000000e+00
1.459700e+02	1.474800e+02	0.000000e+00	0.000000e+00	0.000000e+00
1.474800e+02	1.489900e+02	0.000000e+00	0.000000e+00	0.000000e+00
1.489900e+02	1.505000e+02	0.000000e+00	0.000000e+00	0.000000e+00
# END HISTO1D

# BEGIN HISTO1D //afs/cern.ch/user/d/dsatco/herbvi6500/yoda_files/40TeV_iproc7099_nnpdf30.yoda/MY_ANALYSIS_NUMBER/n-jet
ErrorBars=1
LineColor=orange
LineStyle=solid
Path=//afs/cern.ch/user/d/dsatco/herbvi6500/yoda_files/40TeV_iproc7099_nnpdf30.yoda/MY_ANALYSIS_NUMBER/n-jet
ScaledBy=5.00000000000000024e-05
Title=nnpdf30
XLabel=
YLabel=
# xlow	 xhigh	 val	 errminus	 errplus
-5.000000e-01	1.010000e+00	0.000000e+00	0.000000e+00	0.000000e+00
1.010000e+00	2.520000e+00	0.000000e+00	0.000000e+00	0.000000e+00
2.520000e+00	4.030000e+00	0.000000e+00	0.000000e+00	0.000000e+00
4.030000e+00	5.540000e+00	0.000000e+00	0.000000e+00	0.000000e+00
5.540000e+00	7.050000e+00	0.000000e+00	0.000000e+00	0.000000e+00
7.050000e+00	8.560000e+00	0.000000e+00	0.000000e+00	0.000000e+00
8.560000e+00	1.007000e+01	0.000000e+00	0.000000e+00	0.000000e+00
1.007000e+01	1.158000e+01	0.000000e+00	0.000000e+00	0.000000e+00
1.158000e+01	1.309000e+01	0.000000e+00	0.000000e+00	0.000000e+00
1.309000e+01	1.460000e+01	0.000000e+00	0.000000e+00	0.000000e+00
1.460000e+01	1.611000e+01	0.000000e+00	0.000000e+00	0.000000e+00
1.611000e+01	1.762000e+01	0.000000e+00	0.000000e+00	0.000000e+00
1.762000e+01	1.913000e+01	0.000000e+00	0.000000e+00	0.000000e+00
1.913000e+01	2.064000e+01	0.000000e+00	0.000000e+00	0.000000e+00
2.064000e+01	2.215000e+01	0.000000e+00	0.000000e+00	0.000000e+00
2.215000e+01	2.366000e+01	0.000000e+00	0.000000e+00	0.000000e+00
2.366000e+01	2.517000e+01	0.000000e+00	0.000000e+00	0.000000e+00
2.517000e+01	2.668000e+01	0.000000e+00	0.000000e+00	0.000000e+00
2.668000e+01	2.819000e+01	0.000000e+00	0.000000e+00	0.000000e+00
2.819000e+01	2.970000e+01	0.000000e+00	0.000000e+00	0.000000e+00
2.970000e+01	3.121000e+01	0.000000e+00	0.000000e+00	0.000000e+00
3.121000e+01	3.272000e+01	0.000000e+00	0.000000e+00	0.000000e+00
3.272000e+01	3.423000e+01	0.000000e+00	0.000000e+00	0.000000e+00
3.423000e+01	3.574000e+01	0.000000e+00	0.000000e+00	0.000000e+00
3.574000e+01	3.725000e+01	0.000000e+00	0.000000e+00	0.000000e+00
3.725000e+01	3.876000e+01	0.000000e+00	0.000000e+00	0.000000e+00
3.876000e+01	4.027000e+01	3.311258e-05	3.311258e-05	3.311258e-05
4.027000e+01	4.178000e+01	0.000000e+00	0.000000e+00	0.000000e+00
4.178000e+01	4.329000e+01	0.000000e+00	0.000000e+00	0.000000e+00
4.329000e+01	4.480000e+01	3.311258e-05	3.311258e-05	3.311258e-05
4.480000e+01	4.631000e+01	6.622517e-05	4.682826e-05	4.682826e-05
4.631000e+01	4.782000e+01	6.622517e-05	4.682826e-05	4.682826e-05
4.782000e+01	4.933000e+01	1.986755e-04	8.110893e-05	8.110893e-05
4.933000e+01	5.084000e+01	1.986755e-04	8.110893e-05	8.110893e-05
5.084000e+01	5.235000e+01	8.940397e-04	1.720580e-04	1.720580e-04
5.235000e+01	5.386000e+01	3.973510e-04	1.147054e-04	1.147054e-04
5.386000e+01	5.537000e+01	2.052980e-03	2.607287e-04	2.607287e-04
5.537000e+01	5.688000e+01	2.019868e-03	2.586175e-04	2.586175e-04
5.688000e+01	5.839000e+01	6.953642e-03	4.798469e-04	4.798469e-04
5.839000e+01	5.990000e+01	4.238411e-03	3.746261e-04	3.746261e-04
5.990000e+01	6.141000e+01	1.162252e-02	6.203640e-04	6.203640e-04
6.141000e+01	6.292000e+01	6.854305e-03	4.764071e-04	4.764071e-04
6.292000e+01	6.443000e+01	1.903974e-02	7.940118e-04	7.940118e-04
6.443000e+01	6.594000e+01	1.115894e-02	6.078662e-04	6.078662e-04
6.594000e+01	6.745000e+01	2.771523e-02	9.579786e-04	9.579786e-04
6.745000e+01	6.896000e+01	1.516556e-02	7.086402e-04	7.086402e-04
6.896000e+01	7.047000e+01	3.364238e-02	1.055455e-03	1.055455e-03
7.047000e+01	7.198000e+01	1.834437e-02	7.793776e-04	7.793776e-04
7.198000e+01	7.349000e+01	3.897351e-02	1.136008e-03	1.136008e-03
7.349000e+01	7.500000e+01	1.867550e-02	7.863803e-04	7.863803e-04
7.500000e+01	7.651000e+01	4.493377e-02	1.219784e-03	1.219784e-03
7.651000e+01	7.802000e+01	4.271523e-02	1.189290e-03	1.189290e-03
7.802000e+01	7.953000e+01	2.350993e-02	8.823121e-04	8.823121e-04
7.953000e+01	8.104000e+01	4.105960e-02	1.166014e-03	1.166014e-03
8.104000e+01	8.255000e+01	2.062914e-02	8.264890e-04	8.264890e-04
8.255000e+01	8.406000e+01	3.847682e-02	1.128746e-03	1.128746e-03
8.406000e+01	8.557000e+01	1.701987e-02	7.507142e-04	7.507142e-04
8.557000e+01	8.708000e+01	3.423841e-02	1.064764e-03	1.064764e-03
8.708000e+01	8.859000e+01	1.649007e-02	7.389375e-04	7.389375e-04
8.859000e+01	9.010000e+01	2.923841e-02	9.839509e-04	9.839509e-04
9.010000e+01	9.161000e+01	1.354305e-02	6.696605e-04	6.696605e-04
9.161000e+01	9.312000e+01	2.228477e-02	8.590147e-04	8.590147e-04
9.312000e+01	9.463000e+01	9.437086e-03	5.590047e-04	5.590047e-04
9.463000e+01	9.614000e+01	1.811258e-02	7.744381e-04	7.744381e-04
9.614000e+01	9.765000e+01	8.973510e-03	5.451019e-04	5.451019e-04
9.765000e+01	9.916000e+01	1.374172e-02	6.745546e-04	6.745546e-04
9.916000e+01	1.006700e+02	5.496689e-03	4.266258e-04	4.266258e-04
1.006700e+02	1.021800e+02	1.003311e-02	5.763873e-04	5.763873e-04
1.021800e+02	1.036900e+02	4.072848e-03	3.672363e-04	3.672363e-04
1.036900e+02	1.052000e+02	7.781457e-03	5.076063e-04	5.076063e-04
1.052000e+02	1.067100e+02	2.814570e-03	3.052829e-04	3.052829e-04
1.067100e+02	1.082200e+02	4.602649e-03	3.903916e-04	3.903916e-04
1.082200e+02	1.097300e+02	1.821192e-03	2.455695e-04	2.455695e-04
1.097300e+02	1.112400e+02	3.576159e-03	3.441161e-04	3.441161e-04
1.112400e+02	1.127500e+02	1.258278e-03	2.041197e-04	2.041197e-04
1.127500e+02	1.142600e+02	2.218543e-03	2.710382e-04	2.710382e-04
1.142600e+02	1.157700e+02	7.947020e-04	1.622179e-04	1.622179e-04
1.157700e+02	1.172800e+02	1.655629e-03	2.341413e-04	2.341413e-04
1.172800e+02	1.187900e+02	6.622517e-04	1.480840e-04	1.480840e-04
1.187900e+02	1.203000e+02	8.940397e-04	1.720580e-04	1.720580e-04
1.203000e+02	1.218100e+02	3.973510e-04	1.147054e-04	1.147054e-04
1.218100e+02	1.233200e+02	3.642384e-04	1.098220e-04	1.098220e-04
1.233200e+02	1.248300e+02	1.986755e-04	8.110893e-05	8.110893e-05
1.248300e+02	1.263400e+02	1.986755e-04	8.110893e-05	8.110893e-05
1.263400e+02	1.278500e+02	9.933775e-05	5.735268e-05	5.735268e-05
1.278500e+02	1.293600e+02	1.324503e-04	6.622517e-05	6.622517e-05
1.293600e+02	1.308700e+02	6.622517e-05	4.682826e-05	4.682826e-05
1.308700e+02	1.323800e+02	1.655629e-04	7.404199e-05	7.404199e-05
1.323800e+02	1.338900e+02	6.622517e-05	4.682826e-05	4.682826e-05
1.338900e+02	1.354000e+02	3.311258e-05	3.311258e-05	3.311258e-05
1.354000e+02	1.369100e+02	9.933775e-05	5.735268e-05	5.735268e-05
1.369100e+02	1.384200e+02	0.000000e+00	0.000000e+00	0.000000e+00
1.384200e+02	1.399300e+02	0.000000e+00	0.000000e+00	0.000000e+00
1.399300e+02	1.414400e+02	0.000000e+00	0.000000e+00	0.000000e+00
1.414400e+02	1.429500e+02	0.000000e+00	0.000000e+00	0.000000e+00
1.429500e+02	1.444600e+02	0.000000e+00	0.000000e+00	0.000000e+00
1.444600e+02	1.459700e+02	0.000000e+00	0.000000e+00	0.000000e+00
1.459700e+02	1.474800e+02	0.000000e+00	0.000000e+00	0.000000e+00
1.474800e+02	1.489900e+02	0.000000e+00	0.000000e+00	0.000000e+00
1.489900e+02	1.505000e+02	0.000000e+00	0.000000e+00	0.000000e+00
# END HISTO1D

