# BEGIN PLOT
RatioPlotYLabel=Ratio
LegendOnly=//afs/cern.ch/user/d/dsatco/herbvi6500/yoda_files/40TeV_iproc7099_20t_ev.yoda/MY_ANALYSIS_NUMBER/TAUs //afs/cern.ch/user/d/dsatco/herbvi6500/yoda_files/40TeV_iproc7099_ct14nlo.yoda/MY_ANALYSIS_NUMBER/TAUs //afs/cern.ch/user/d/dsatco/herbvi6500/yoda_files/40TeV_iproc7099_mmht2014.yoda/MY_ANALYSIS_NUMBER/TAUs //afs/cern.ch/user/d/dsatco/herbvi6500/yoda_files/40TeV_iproc7099_nnpdf30.yoda/MY_ANALYSIS_NUMBER/TAUs
XLabel=$N_\tau$
RatioPlotReference=//afs/cern.ch/user/d/dsatco/herbvi6500/yoda_files/40TeV_iproc7099_20t_ev.yoda/MY_ANALYSIS_NUMBER/TAUs
YLabel=$\mathrm{d}N_\text{evt}/\mathrm{d}N_\mu$
DrawOnly=//afs/cern.ch/user/d/dsatco/herbvi6500/yoda_files/40TeV_iproc7099_20t_ev.yoda/MY_ANALYSIS_NUMBER/TAUs //afs/cern.ch/user/d/dsatco/herbvi6500/yoda_files/40TeV_iproc7099_ct14nlo.yoda/MY_ANALYSIS_NUMBER/TAUs //afs/cern.ch/user/d/dsatco/herbvi6500/yoda_files/40TeV_iproc7099_mmht2014.yoda/MY_ANALYSIS_NUMBER/TAUs //afs/cern.ch/user/d/dsatco/herbvi6500/yoda_files/40TeV_iproc7099_nnpdf30.yoda/MY_ANALYSIS_NUMBER/TAUs
RatioPlot=1
Title=Multiplicity distribution for $\tau^+$, $\tau^-$
Legend=1
LogY=0
# END PLOT

# BEGIN HISTO1D //afs/cern.ch/user/d/dsatco/herbvi6500/yoda_files/40TeV_iproc7099_20t_ev.yoda/MY_ANALYSIS_NUMBER/TAUs
ErrorBars=1
LineColor=red
LineStyle=solid
Path=//afs/cern.ch/user/d/dsatco/herbvi6500/yoda_files/40TeV_iproc7099_20t_ev.yoda/MY_ANALYSIS_NUMBER/TAUs
ScaledBy=5.00000000000000024e-05
Title=mstw1998
XLabel=
YLabel=
# xlow	 xhigh	 val	 errminus	 errplus
-5.000000e-01	5.000000e-01	2.665000e-02	1.154340e-03	1.154340e-03
5.000000e-01	1.500000e+00	6.570000e-02	1.812457e-03	1.812457e-03
1.500000e+00	2.500000e+00	1.294000e-01	2.543619e-03	2.543619e-03
2.500000e+00	3.500000e+00	1.734500e-01	2.944911e-03	2.944911e-03
3.500000e+00	4.500000e+00	1.817000e-01	3.014133e-03	3.014133e-03
4.500000e+00	5.500000e+00	1.575500e-01	2.806688e-03	2.806688e-03
5.500000e+00	6.500000e+00	1.157500e-01	2.405722e-03	2.405722e-03
6.500000e+00	7.500000e+00	7.270000e-02	1.906568e-03	1.906568e-03
7.500000e+00	8.500000e+00	4.030000e-02	1.419507e-03	1.419507e-03
8.500000e+00	9.500000e+00	2.045000e-02	1.011187e-03	1.011187e-03
9.500000e+00	1.050000e+01	1.050000e-02	7.245688e-04	7.245688e-04
1.050000e+01	1.150000e+01	3.950000e-03	4.444097e-04	4.444097e-04
1.150000e+01	1.250000e+01	1.250000e-03	2.500000e-04	2.500000e-04
1.250000e+01	1.350000e+01	4.500000e-04	1.500000e-04	1.500000e-04
1.350000e+01	1.450000e+01	1.000000e-04	7.071068e-05	7.071068e-05
1.450000e+01	1.550000e+01	5.000000e-05	5.000000e-05	5.000000e-05
1.550000e+01	1.650000e+01	5.000000e-05	5.000000e-05	5.000000e-05
1.650000e+01	1.750000e+01	0.000000e+00	0.000000e+00	0.000000e+00
1.750000e+01	1.850000e+01	0.000000e+00	0.000000e+00	0.000000e+00
1.850000e+01	1.950000e+01	0.000000e+00	0.000000e+00	0.000000e+00
1.950000e+01	2.050000e+01	0.000000e+00	0.000000e+00	0.000000e+00
2.050000e+01	2.150000e+01	0.000000e+00	0.000000e+00	0.000000e+00
2.150000e+01	2.250000e+01	0.000000e+00	0.000000e+00	0.000000e+00
2.250000e+01	2.350000e+01	0.000000e+00	0.000000e+00	0.000000e+00
2.350000e+01	2.450000e+01	0.000000e+00	0.000000e+00	0.000000e+00
2.450000e+01	2.550000e+01	0.000000e+00	0.000000e+00	0.000000e+00
2.550000e+01	2.650000e+01	0.000000e+00	0.000000e+00	0.000000e+00
2.650000e+01	2.750000e+01	0.000000e+00	0.000000e+00	0.000000e+00
2.750000e+01	2.850000e+01	0.000000e+00	0.000000e+00	0.000000e+00
2.850000e+01	2.950000e+01	0.000000e+00	0.000000e+00	0.000000e+00
2.950000e+01	3.050000e+01	0.000000e+00	0.000000e+00	0.000000e+00
3.050000e+01	3.150000e+01	0.000000e+00	0.000000e+00	0.000000e+00
3.150000e+01	3.250000e+01	0.000000e+00	0.000000e+00	0.000000e+00
3.250000e+01	3.350000e+01	0.000000e+00	0.000000e+00	0.000000e+00
3.350000e+01	3.450000e+01	0.000000e+00	0.000000e+00	0.000000e+00
3.450000e+01	3.550000e+01	0.000000e+00	0.000000e+00	0.000000e+00
3.550000e+01	3.650000e+01	0.000000e+00	0.000000e+00	0.000000e+00
3.650000e+01	3.750000e+01	0.000000e+00	0.000000e+00	0.000000e+00
3.750000e+01	3.850000e+01	0.000000e+00	0.000000e+00	0.000000e+00
3.850000e+01	3.950000e+01	0.000000e+00	0.000000e+00	0.000000e+00
3.950000e+01	4.050000e+01	0.000000e+00	0.000000e+00	0.000000e+00
4.050000e+01	4.150000e+01	0.000000e+00	0.000000e+00	0.000000e+00
4.150000e+01	4.250000e+01	0.000000e+00	0.000000e+00	0.000000e+00
4.250000e+01	4.350000e+01	0.000000e+00	0.000000e+00	0.000000e+00
4.350000e+01	4.450000e+01	0.000000e+00	0.000000e+00	0.000000e+00
4.450000e+01	4.550000e+01	0.000000e+00	0.000000e+00	0.000000e+00
4.550000e+01	4.650000e+01	0.000000e+00	0.000000e+00	0.000000e+00
4.650000e+01	4.750000e+01	0.000000e+00	0.000000e+00	0.000000e+00
4.750000e+01	4.850000e+01	0.000000e+00	0.000000e+00	0.000000e+00
4.850000e+01	4.950000e+01	0.000000e+00	0.000000e+00	0.000000e+00
# END HISTO1D

# BEGIN HISTO1D //afs/cern.ch/user/d/dsatco/herbvi6500/yoda_files/40TeV_iproc7099_ct14nlo.yoda/MY_ANALYSIS_NUMBER/TAUs
ErrorBars=1
LineColor=blue
LineStyle=solid
Path=//afs/cern.ch/user/d/dsatco/herbvi6500/yoda_files/40TeV_iproc7099_ct14nlo.yoda/MY_ANALYSIS_NUMBER/TAUs
ScaledBy=5.00000000000000024e-05
Title=ct14nlo
XLabel=
YLabel=
# xlow	 xhigh	 val	 errminus	 errplus
-5.000000e-01	5.000000e-01	2.920000e-02	1.208305e-03	1.208305e-03
5.000000e-01	1.500000e+00	6.925000e-02	1.860779e-03	1.860779e-03
1.500000e+00	2.500000e+00	1.272000e-01	2.521904e-03	2.521904e-03
2.500000e+00	3.500000e+00	1.737000e-01	2.947032e-03	2.947032e-03
3.500000e+00	4.500000e+00	1.829000e-01	3.024070e-03	3.024070e-03
4.500000e+00	5.500000e+00	1.561000e-01	2.793743e-03	2.793743e-03
5.500000e+00	6.500000e+00	1.163000e-01	2.411431e-03	2.411431e-03
6.500000e+00	7.500000e+00	6.980000e-02	1.868154e-03	1.868154e-03
7.500000e+00	8.500000e+00	4.025000e-02	1.418626e-03	1.418626e-03
8.500000e+00	9.500000e+00	2.130000e-02	1.031988e-03	1.031988e-03
9.500000e+00	1.050000e+01	8.500000e-03	6.519202e-04	6.519202e-04
1.050000e+01	1.150000e+01	3.150000e-03	3.968627e-04	3.968627e-04
1.150000e+01	1.250000e+01	1.450000e-03	2.692582e-04	2.692582e-04
1.250000e+01	1.350000e+01	5.500000e-04	1.658312e-04	1.658312e-04
1.350000e+01	1.450000e+01	3.000000e-04	1.224745e-04	1.224745e-04
1.450000e+01	1.550000e+01	5.000000e-05	5.000000e-05	5.000000e-05
1.550000e+01	1.650000e+01	0.000000e+00	0.000000e+00	0.000000e+00
1.650000e+01	1.750000e+01	0.000000e+00	0.000000e+00	0.000000e+00
1.750000e+01	1.850000e+01	0.000000e+00	0.000000e+00	0.000000e+00
1.850000e+01	1.950000e+01	0.000000e+00	0.000000e+00	0.000000e+00
1.950000e+01	2.050000e+01	0.000000e+00	0.000000e+00	0.000000e+00
2.050000e+01	2.150000e+01	0.000000e+00	0.000000e+00	0.000000e+00
2.150000e+01	2.250000e+01	0.000000e+00	0.000000e+00	0.000000e+00
2.250000e+01	2.350000e+01	0.000000e+00	0.000000e+00	0.000000e+00
2.350000e+01	2.450000e+01	0.000000e+00	0.000000e+00	0.000000e+00
2.450000e+01	2.550000e+01	0.000000e+00	0.000000e+00	0.000000e+00
2.550000e+01	2.650000e+01	0.000000e+00	0.000000e+00	0.000000e+00
2.650000e+01	2.750000e+01	0.000000e+00	0.000000e+00	0.000000e+00
2.750000e+01	2.850000e+01	0.000000e+00	0.000000e+00	0.000000e+00
2.850000e+01	2.950000e+01	0.000000e+00	0.000000e+00	0.000000e+00
2.950000e+01	3.050000e+01	0.000000e+00	0.000000e+00	0.000000e+00
3.050000e+01	3.150000e+01	0.000000e+00	0.000000e+00	0.000000e+00
3.150000e+01	3.250000e+01	0.000000e+00	0.000000e+00	0.000000e+00
3.250000e+01	3.350000e+01	0.000000e+00	0.000000e+00	0.000000e+00
3.350000e+01	3.450000e+01	0.000000e+00	0.000000e+00	0.000000e+00
3.450000e+01	3.550000e+01	0.000000e+00	0.000000e+00	0.000000e+00
3.550000e+01	3.650000e+01	0.000000e+00	0.000000e+00	0.000000e+00
3.650000e+01	3.750000e+01	0.000000e+00	0.000000e+00	0.000000e+00
3.750000e+01	3.850000e+01	0.000000e+00	0.000000e+00	0.000000e+00
3.850000e+01	3.950000e+01	0.000000e+00	0.000000e+00	0.000000e+00
3.950000e+01	4.050000e+01	0.000000e+00	0.000000e+00	0.000000e+00
4.050000e+01	4.150000e+01	0.000000e+00	0.000000e+00	0.000000e+00
4.150000e+01	4.250000e+01	0.000000e+00	0.000000e+00	0.000000e+00
4.250000e+01	4.350000e+01	0.000000e+00	0.000000e+00	0.000000e+00
4.350000e+01	4.450000e+01	0.000000e+00	0.000000e+00	0.000000e+00
4.450000e+01	4.550000e+01	0.000000e+00	0.000000e+00	0.000000e+00
4.550000e+01	4.650000e+01	0.000000e+00	0.000000e+00	0.000000e+00
4.650000e+01	4.750000e+01	0.000000e+00	0.000000e+00	0.000000e+00
4.750000e+01	4.850000e+01	0.000000e+00	0.000000e+00	0.000000e+00
4.850000e+01	4.950000e+01	0.000000e+00	0.000000e+00	0.000000e+00
# END HISTO1D

# BEGIN HISTO1D //afs/cern.ch/user/d/dsatco/herbvi6500/yoda_files/40TeV_iproc7099_mmht2014.yoda/MY_ANALYSIS_NUMBER/TAUs
ErrorBars=1
LineColor=green
LineStyle=solid
Path=//afs/cern.ch/user/d/dsatco/herbvi6500/yoda_files/40TeV_iproc7099_mmht2014.yoda/MY_ANALYSIS_NUMBER/TAUs
ScaledBy=5.00000000000000024e-05
Title=mmht2014
XLabel=
YLabel=
# xlow	 xhigh	 val	 errminus	 errplus
-5.000000e-01	5.000000e-01	2.625000e-02	1.145644e-03	1.145644e-03
5.000000e-01	1.500000e+00	7.260000e-02	1.905256e-03	1.905256e-03
1.500000e+00	2.500000e+00	1.246500e-01	2.496498e-03	2.496498e-03
2.500000e+00	3.500000e+00	1.735500e-01	2.945760e-03	2.945760e-03
3.500000e+00	4.500000e+00	1.807500e-01	3.006244e-03	3.006244e-03
4.500000e+00	5.500000e+00	1.619000e-01	2.845171e-03	2.845171e-03
5.500000e+00	6.500000e+00	1.145500e-01	2.393220e-03	2.393220e-03
6.500000e+00	7.500000e+00	7.135000e-02	1.888783e-03	1.888783e-03
7.500000e+00	8.500000e+00	4.095000e-02	1.430909e-03	1.430909e-03
8.500000e+00	9.500000e+00	1.975000e-02	9.937303e-04	9.937303e-04
9.500000e+00	1.050000e+01	8.150000e-03	6.383573e-04	6.383573e-04
1.050000e+01	1.150000e+01	3.700000e-03	4.301163e-04	4.301163e-04
1.150000e+01	1.250000e+01	1.100000e-03	2.345208e-04	2.345208e-04
1.250000e+01	1.350000e+01	5.000000e-04	1.581139e-04	1.581139e-04
1.350000e+01	1.450000e+01	2.000000e-04	1.000000e-04	1.000000e-04
1.450000e+01	1.550000e+01	5.000000e-05	5.000000e-05	5.000000e-05
1.550000e+01	1.650000e+01	0.000000e+00	0.000000e+00	0.000000e+00
1.650000e+01	1.750000e+01	0.000000e+00	0.000000e+00	0.000000e+00
1.750000e+01	1.850000e+01	0.000000e+00	0.000000e+00	0.000000e+00
1.850000e+01	1.950000e+01	0.000000e+00	0.000000e+00	0.000000e+00
1.950000e+01	2.050000e+01	0.000000e+00	0.000000e+00	0.000000e+00
2.050000e+01	2.150000e+01	0.000000e+00	0.000000e+00	0.000000e+00
2.150000e+01	2.250000e+01	0.000000e+00	0.000000e+00	0.000000e+00
2.250000e+01	2.350000e+01	0.000000e+00	0.000000e+00	0.000000e+00
2.350000e+01	2.450000e+01	0.000000e+00	0.000000e+00	0.000000e+00
2.450000e+01	2.550000e+01	0.000000e+00	0.000000e+00	0.000000e+00
2.550000e+01	2.650000e+01	0.000000e+00	0.000000e+00	0.000000e+00
2.650000e+01	2.750000e+01	0.000000e+00	0.000000e+00	0.000000e+00
2.750000e+01	2.850000e+01	0.000000e+00	0.000000e+00	0.000000e+00
2.850000e+01	2.950000e+01	0.000000e+00	0.000000e+00	0.000000e+00
2.950000e+01	3.050000e+01	0.000000e+00	0.000000e+00	0.000000e+00
3.050000e+01	3.150000e+01	0.000000e+00	0.000000e+00	0.000000e+00
3.150000e+01	3.250000e+01	0.000000e+00	0.000000e+00	0.000000e+00
3.250000e+01	3.350000e+01	0.000000e+00	0.000000e+00	0.000000e+00
3.350000e+01	3.450000e+01	0.000000e+00	0.000000e+00	0.000000e+00
3.450000e+01	3.550000e+01	0.000000e+00	0.000000e+00	0.000000e+00
3.550000e+01	3.650000e+01	0.000000e+00	0.000000e+00	0.000000e+00
3.650000e+01	3.750000e+01	0.000000e+00	0.000000e+00	0.000000e+00
3.750000e+01	3.850000e+01	0.000000e+00	0.000000e+00	0.000000e+00
3.850000e+01	3.950000e+01	0.000000e+00	0.000000e+00	0.000000e+00
3.950000e+01	4.050000e+01	0.000000e+00	0.000000e+00	0.000000e+00
4.050000e+01	4.150000e+01	0.000000e+00	0.000000e+00	0.000000e+00
4.150000e+01	4.250000e+01	0.000000e+00	0.000000e+00	0.000000e+00
4.250000e+01	4.350000e+01	0.000000e+00	0.000000e+00	0.000000e+00
4.350000e+01	4.450000e+01	0.000000e+00	0.000000e+00	0.000000e+00
4.450000e+01	4.550000e+01	0.000000e+00	0.000000e+00	0.000000e+00
4.550000e+01	4.650000e+01	0.000000e+00	0.000000e+00	0.000000e+00
4.650000e+01	4.750000e+01	0.000000e+00	0.000000e+00	0.000000e+00
4.750000e+01	4.850000e+01	0.000000e+00	0.000000e+00	0.000000e+00
4.850000e+01	4.950000e+01	0.000000e+00	0.000000e+00	0.000000e+00
# END HISTO1D

# BEGIN HISTO1D //afs/cern.ch/user/d/dsatco/herbvi6500/yoda_files/40TeV_iproc7099_nnpdf30.yoda/MY_ANALYSIS_NUMBER/TAUs
ErrorBars=1
LineColor=orange
LineStyle=solid
Path=//afs/cern.ch/user/d/dsatco/herbvi6500/yoda_files/40TeV_iproc7099_nnpdf30.yoda/MY_ANALYSIS_NUMBER/TAUs
ScaledBy=5.00000000000000024e-05
Title=nnpdf30
XLabel=
YLabel=
# xlow	 xhigh	 val	 errminus	 errplus
-5.000000e-01	5.000000e-01	2.935000e-02	1.211404e-03	1.211404e-03
5.000000e-01	1.500000e+00	6.810000e-02	1.845264e-03	1.845264e-03
1.500000e+00	2.500000e+00	1.252000e-01	2.501999e-03	2.501999e-03
2.500000e+00	3.500000e+00	1.701000e-01	2.916333e-03	2.916333e-03
3.500000e+00	4.500000e+00	1.790000e-01	2.991655e-03	2.991655e-03
4.500000e+00	5.500000e+00	1.579500e-01	2.810249e-03	2.810249e-03
5.500000e+00	6.500000e+00	1.182000e-01	2.431049e-03	2.431049e-03
6.500000e+00	7.500000e+00	7.295000e-02	1.909843e-03	1.909843e-03
7.500000e+00	8.500000e+00	4.160000e-02	1.442221e-03	1.442221e-03
8.500000e+00	9.500000e+00	2.240000e-02	1.058301e-03	1.058301e-03
9.500000e+00	1.050000e+01	9.550000e-03	6.910137e-04	6.910137e-04
1.050000e+01	1.150000e+01	3.600000e-03	4.242641e-04	4.242641e-04
1.150000e+01	1.250000e+01	1.150000e-03	2.397916e-04	2.397916e-04
1.250000e+01	1.350000e+01	5.500000e-04	1.658312e-04	1.658312e-04
1.350000e+01	1.450000e+01	2.000000e-04	1.000000e-04	1.000000e-04
1.450000e+01	1.550000e+01	5.000000e-05	5.000000e-05	5.000000e-05
1.550000e+01	1.650000e+01	0.000000e+00	0.000000e+00	0.000000e+00
1.650000e+01	1.750000e+01	0.000000e+00	0.000000e+00	0.000000e+00
1.750000e+01	1.850000e+01	5.000000e-05	5.000000e-05	5.000000e-05
1.850000e+01	1.950000e+01	0.000000e+00	0.000000e+00	0.000000e+00
1.950000e+01	2.050000e+01	0.000000e+00	0.000000e+00	0.000000e+00
2.050000e+01	2.150000e+01	0.000000e+00	0.000000e+00	0.000000e+00
2.150000e+01	2.250000e+01	0.000000e+00	0.000000e+00	0.000000e+00
2.250000e+01	2.350000e+01	0.000000e+00	0.000000e+00	0.000000e+00
2.350000e+01	2.450000e+01	0.000000e+00	0.000000e+00	0.000000e+00
2.450000e+01	2.550000e+01	0.000000e+00	0.000000e+00	0.000000e+00
2.550000e+01	2.650000e+01	0.000000e+00	0.000000e+00	0.000000e+00
2.650000e+01	2.750000e+01	0.000000e+00	0.000000e+00	0.000000e+00
2.750000e+01	2.850000e+01	0.000000e+00	0.000000e+00	0.000000e+00
2.850000e+01	2.950000e+01	0.000000e+00	0.000000e+00	0.000000e+00
2.950000e+01	3.050000e+01	0.000000e+00	0.000000e+00	0.000000e+00
3.050000e+01	3.150000e+01	0.000000e+00	0.000000e+00	0.000000e+00
3.150000e+01	3.250000e+01	0.000000e+00	0.000000e+00	0.000000e+00
3.250000e+01	3.350000e+01	0.000000e+00	0.000000e+00	0.000000e+00
3.350000e+01	3.450000e+01	0.000000e+00	0.000000e+00	0.000000e+00
3.450000e+01	3.550000e+01	0.000000e+00	0.000000e+00	0.000000e+00
3.550000e+01	3.650000e+01	0.000000e+00	0.000000e+00	0.000000e+00
3.650000e+01	3.750000e+01	0.000000e+00	0.000000e+00	0.000000e+00
3.750000e+01	3.850000e+01	0.000000e+00	0.000000e+00	0.000000e+00
3.850000e+01	3.950000e+01	0.000000e+00	0.000000e+00	0.000000e+00
3.950000e+01	4.050000e+01	0.000000e+00	0.000000e+00	0.000000e+00
4.050000e+01	4.150000e+01	0.000000e+00	0.000000e+00	0.000000e+00
4.150000e+01	4.250000e+01	0.000000e+00	0.000000e+00	0.000000e+00
4.250000e+01	4.350000e+01	0.000000e+00	0.000000e+00	0.000000e+00
4.350000e+01	4.450000e+01	0.000000e+00	0.000000e+00	0.000000e+00
4.450000e+01	4.550000e+01	0.000000e+00	0.000000e+00	0.000000e+00
4.550000e+01	4.650000e+01	0.000000e+00	0.000000e+00	0.000000e+00
4.650000e+01	4.750000e+01	0.000000e+00	0.000000e+00	0.000000e+00
4.750000e+01	4.850000e+01	0.000000e+00	0.000000e+00	0.000000e+00
4.850000e+01	4.950000e+01	0.000000e+00	0.000000e+00	0.000000e+00
# END HISTO1D

