# BEGIN PLOT
RatioPlotYLabel=Ratio
LegendOnly=//afs/cern.ch/user/d/dsatco/herbvi6500/yoda_files/40TeV_iproc7099_20t_ev.yoda/MY_ANALYSIS_NUMBER/W_bosons //afs/cern.ch/user/d/dsatco/herbvi6500/yoda_files/40TeV_iproc7099_ct14nlo.yoda/MY_ANALYSIS_NUMBER/W_bosons //afs/cern.ch/user/d/dsatco/herbvi6500/yoda_files/40TeV_iproc7099_mmht2014.yoda/MY_ANALYSIS_NUMBER/W_bosons //afs/cern.ch/user/d/dsatco/herbvi6500/yoda_files/40TeV_iproc7099_nnpdf30.yoda/MY_ANALYSIS_NUMBER/W_bosons
XLabel=$N_W$
RatioPlotReference=//afs/cern.ch/user/d/dsatco/herbvi6500/yoda_files/40TeV_iproc7099_20t_ev.yoda/MY_ANALYSIS_NUMBER/W_bosons
YLabel=$\mathrm{d}N_\text{evt}/\mathrm{d}N_W$
DrawOnly=//afs/cern.ch/user/d/dsatco/herbvi6500/yoda_files/40TeV_iproc7099_20t_ev.yoda/MY_ANALYSIS_NUMBER/W_bosons //afs/cern.ch/user/d/dsatco/herbvi6500/yoda_files/40TeV_iproc7099_ct14nlo.yoda/MY_ANALYSIS_NUMBER/W_bosons //afs/cern.ch/user/d/dsatco/herbvi6500/yoda_files/40TeV_iproc7099_mmht2014.yoda/MY_ANALYSIS_NUMBER/W_bosons //afs/cern.ch/user/d/dsatco/herbvi6500/yoda_files/40TeV_iproc7099_nnpdf30.yoda/MY_ANALYSIS_NUMBER/W_bosons
RatioPlot=1
Title=Multiplicity distribution for W bosons
Legend=1
LogY=0
# END PLOT

# BEGIN HISTO1D //afs/cern.ch/user/d/dsatco/herbvi6500/yoda_files/40TeV_iproc7099_20t_ev.yoda/MY_ANALYSIS_NUMBER/W_bosons
ErrorBars=1
LineColor=red
LineStyle=solid
Path=//afs/cern.ch/user/d/dsatco/herbvi6500/yoda_files/40TeV_iproc7099_20t_ev.yoda/MY_ANALYSIS_NUMBER/W_bosons
ScaledBy=5.00000000000000024e-05
Title=mstw1998
XLabel=
YLabel=
# xlow	 xhigh	 val	 errminus	 errplus
-5.000000e-01	2.100000e-01	0.000000e+00	0.000000e+00	0.000000e+00
2.100000e-01	9.200000e-01	0.000000e+00	0.000000e+00	0.000000e+00
9.200000e-01	1.630000e+00	0.000000e+00	0.000000e+00	0.000000e+00
1.630000e+00	2.340000e+00	0.000000e+00	0.000000e+00	0.000000e+00
2.340000e+00	3.050000e+00	0.000000e+00	0.000000e+00	0.000000e+00
3.050000e+00	3.760000e+00	0.000000e+00	0.000000e+00	0.000000e+00
3.760000e+00	4.470000e+00	0.000000e+00	0.000000e+00	0.000000e+00
4.470000e+00	5.180000e+00	0.000000e+00	0.000000e+00	0.000000e+00
5.180000e+00	5.890000e+00	0.000000e+00	0.000000e+00	0.000000e+00
5.890000e+00	6.600000e+00	0.000000e+00	0.000000e+00	0.000000e+00
6.600000e+00	7.310000e+00	0.000000e+00	0.000000e+00	0.000000e+00
7.310000e+00	8.020000e+00	0.000000e+00	0.000000e+00	0.000000e+00
8.020000e+00	8.730000e+00	0.000000e+00	0.000000e+00	0.000000e+00
8.730000e+00	9.440000e+00	0.000000e+00	0.000000e+00	0.000000e+00
9.440000e+00	1.015000e+01	0.000000e+00	0.000000e+00	0.000000e+00
1.015000e+01	1.086000e+01	0.000000e+00	0.000000e+00	0.000000e+00
1.086000e+01	1.157000e+01	0.000000e+00	0.000000e+00	0.000000e+00
1.157000e+01	1.228000e+01	0.000000e+00	0.000000e+00	0.000000e+00
1.228000e+01	1.299000e+01	0.000000e+00	0.000000e+00	0.000000e+00
1.299000e+01	1.370000e+01	0.000000e+00	0.000000e+00	0.000000e+00
1.370000e+01	1.441000e+01	0.000000e+00	0.000000e+00	0.000000e+00
1.441000e+01	1.512000e+01	0.000000e+00	0.000000e+00	0.000000e+00
1.512000e+01	1.583000e+01	0.000000e+00	0.000000e+00	0.000000e+00
1.583000e+01	1.654000e+01	0.000000e+00	0.000000e+00	0.000000e+00
1.654000e+01	1.725000e+01	0.000000e+00	0.000000e+00	0.000000e+00
1.725000e+01	1.796000e+01	0.000000e+00	0.000000e+00	0.000000e+00
1.796000e+01	1.867000e+01	0.000000e+00	0.000000e+00	0.000000e+00
1.867000e+01	1.938000e+01	0.000000e+00	0.000000e+00	0.000000e+00
1.938000e+01	2.009000e+01	0.000000e+00	0.000000e+00	0.000000e+00
2.009000e+01	2.080000e+01	0.000000e+00	0.000000e+00	0.000000e+00
2.080000e+01	2.151000e+01	0.000000e+00	0.000000e+00	0.000000e+00
2.151000e+01	2.222000e+01	0.000000e+00	0.000000e+00	0.000000e+00
2.222000e+01	2.293000e+01	0.000000e+00	0.000000e+00	0.000000e+00
2.293000e+01	2.364000e+01	0.000000e+00	0.000000e+00	0.000000e+00
2.364000e+01	2.435000e+01	7.042254e-05	7.042254e-05	7.042254e-05
2.435000e+01	2.506000e+01	0.000000e+00	0.000000e+00	0.000000e+00
2.506000e+01	2.577000e+01	0.000000e+00	0.000000e+00	0.000000e+00
2.577000e+01	2.648000e+01	2.112676e-04	1.219754e-04	1.219754e-04
2.648000e+01	2.719000e+01	0.000000e+00	0.000000e+00	0.000000e+00
2.719000e+01	2.790000e+01	0.000000e+00	0.000000e+00	0.000000e+00
2.790000e+01	2.861000e+01	1.267606e-03	2.987775e-04	2.987775e-04
2.861000e+01	2.932000e+01	0.000000e+00	0.000000e+00	0.000000e+00
2.932000e+01	3.003000e+01	4.859155e-03	5.849735e-04	5.849735e-04
3.003000e+01	3.074000e+01	0.000000e+00	0.000000e+00	0.000000e+00
3.074000e+01	3.145000e+01	0.000000e+00	0.000000e+00	0.000000e+00
3.145000e+01	3.216000e+01	1.295775e-02	9.552577e-04	9.552577e-04
3.216000e+01	3.287000e+01	0.000000e+00	0.000000e+00	0.000000e+00
3.287000e+01	3.358000e+01	0.000000e+00	0.000000e+00	0.000000e+00
3.358000e+01	3.429000e+01	2.380282e-02	1.294703e-03	1.294703e-03
3.429000e+01	3.500000e+01	0.000000e+00	0.000000e+00	0.000000e+00
3.500000e+01	3.571000e+01	0.000000e+00	0.000000e+00	0.000000e+00
3.571000e+01	3.642000e+01	4.211268e-02	1.722115e-03	1.722115e-03
3.642000e+01	3.713000e+01	0.000000e+00	0.000000e+00	0.000000e+00
3.713000e+01	3.784000e+01	0.000000e+00	0.000000e+00	0.000000e+00
3.784000e+01	3.855000e+01	1.019718e-01	2.679760e-03	2.679760e-03
3.855000e+01	3.926000e+01	0.000000e+00	0.000000e+00	0.000000e+00
3.926000e+01	3.997000e+01	0.000000e+00	0.000000e+00	0.000000e+00
3.997000e+01	4.068000e+01	2.491549e-01	4.188809e-03	4.188809e-03
4.068000e+01	4.139000e+01	0.000000e+00	0.000000e+00	0.000000e+00
4.139000e+01	4.210000e+01	3.711972e-01	5.112792e-03	5.112792e-03
4.210000e+01	4.281000e+01	0.000000e+00	0.000000e+00	0.000000e+00
4.281000e+01	4.352000e+01	0.000000e+00	0.000000e+00	0.000000e+00
4.352000e+01	4.423000e+01	3.252817e-01	4.786143e-03	4.786143e-03
4.423000e+01	4.494000e+01	0.000000e+00	0.000000e+00	0.000000e+00
4.494000e+01	4.565000e+01	0.000000e+00	0.000000e+00	0.000000e+00
4.565000e+01	4.636000e+01	1.792958e-01	3.553373e-03	3.553373e-03
4.636000e+01	4.707000e+01	0.000000e+00	0.000000e+00	0.000000e+00
4.707000e+01	4.778000e+01	0.000000e+00	0.000000e+00	0.000000e+00
4.778000e+01	4.849000e+01	6.838028e-02	2.194428e-03	2.194428e-03
4.849000e+01	4.920000e+01	0.000000e+00	0.000000e+00	0.000000e+00
4.920000e+01	4.991000e+01	0.000000e+00	0.000000e+00	0.000000e+00
4.991000e+01	5.062000e+01	2.169014e-02	1.235910e-03	1.235910e-03
5.062000e+01	5.133000e+01	0.000000e+00	0.000000e+00	0.000000e+00
5.133000e+01	5.204000e+01	5.000000e-03	5.933908e-04	5.933908e-04
5.204000e+01	5.275000e+01	0.000000e+00	0.000000e+00	0.000000e+00
5.275000e+01	5.346000e+01	0.000000e+00	0.000000e+00	0.000000e+00
5.346000e+01	5.417000e+01	1.197183e-03	2.903596e-04	2.903596e-04
5.417000e+01	5.488000e+01	0.000000e+00	0.000000e+00	0.000000e+00
5.488000e+01	5.559000e+01	0.000000e+00	0.000000e+00	0.000000e+00
5.559000e+01	5.630000e+01	0.000000e+00	0.000000e+00	0.000000e+00
5.630000e+01	5.701000e+01	0.000000e+00	0.000000e+00	0.000000e+00
5.701000e+01	5.772000e+01	0.000000e+00	0.000000e+00	0.000000e+00
5.772000e+01	5.843000e+01	0.000000e+00	0.000000e+00	0.000000e+00
5.843000e+01	5.914000e+01	0.000000e+00	0.000000e+00	0.000000e+00
5.914000e+01	5.985000e+01	0.000000e+00	0.000000e+00	0.000000e+00
5.985000e+01	6.056000e+01	0.000000e+00	0.000000e+00	0.000000e+00
6.056000e+01	6.127000e+01	0.000000e+00	0.000000e+00	0.000000e+00
6.127000e+01	6.198000e+01	0.000000e+00	0.000000e+00	0.000000e+00
6.198000e+01	6.269000e+01	0.000000e+00	0.000000e+00	0.000000e+00
6.269000e+01	6.340000e+01	0.000000e+00	0.000000e+00	0.000000e+00
6.340000e+01	6.411000e+01	0.000000e+00	0.000000e+00	0.000000e+00
6.411000e+01	6.482000e+01	0.000000e+00	0.000000e+00	0.000000e+00
6.482000e+01	6.553000e+01	0.000000e+00	0.000000e+00	0.000000e+00
6.553000e+01	6.624000e+01	0.000000e+00	0.000000e+00	0.000000e+00
6.624000e+01	6.695000e+01	0.000000e+00	0.000000e+00	0.000000e+00
6.695000e+01	6.766000e+01	0.000000e+00	0.000000e+00	0.000000e+00
6.766000e+01	6.837000e+01	0.000000e+00	0.000000e+00	0.000000e+00
6.837000e+01	6.908000e+01	0.000000e+00	0.000000e+00	0.000000e+00
6.908000e+01	6.979000e+01	0.000000e+00	0.000000e+00	0.000000e+00
6.979000e+01	7.050000e+01	0.000000e+00	0.000000e+00	0.000000e+00
# END HISTO1D

# BEGIN HISTO1D //afs/cern.ch/user/d/dsatco/herbvi6500/yoda_files/40TeV_iproc7099_ct14nlo.yoda/MY_ANALYSIS_NUMBER/W_bosons
ErrorBars=1
LineColor=blue
LineStyle=solid
Path=//afs/cern.ch/user/d/dsatco/herbvi6500/yoda_files/40TeV_iproc7099_ct14nlo.yoda/MY_ANALYSIS_NUMBER/W_bosons
ScaledBy=5.00000000000000024e-05
Title=ct14nlo
XLabel=
YLabel=
# xlow	 xhigh	 val	 errminus	 errplus
-5.000000e-01	2.100000e-01	0.000000e+00	0.000000e+00	0.000000e+00
2.100000e-01	9.200000e-01	0.000000e+00	0.000000e+00	0.000000e+00
9.200000e-01	1.630000e+00	0.000000e+00	0.000000e+00	0.000000e+00
1.630000e+00	2.340000e+00	0.000000e+00	0.000000e+00	0.000000e+00
2.340000e+00	3.050000e+00	0.000000e+00	0.000000e+00	0.000000e+00
3.050000e+00	3.760000e+00	0.000000e+00	0.000000e+00	0.000000e+00
3.760000e+00	4.470000e+00	0.000000e+00	0.000000e+00	0.000000e+00
4.470000e+00	5.180000e+00	0.000000e+00	0.000000e+00	0.000000e+00
5.180000e+00	5.890000e+00	0.000000e+00	0.000000e+00	0.000000e+00
5.890000e+00	6.600000e+00	0.000000e+00	0.000000e+00	0.000000e+00
6.600000e+00	7.310000e+00	0.000000e+00	0.000000e+00	0.000000e+00
7.310000e+00	8.020000e+00	0.000000e+00	0.000000e+00	0.000000e+00
8.020000e+00	8.730000e+00	0.000000e+00	0.000000e+00	0.000000e+00
8.730000e+00	9.440000e+00	0.000000e+00	0.000000e+00	0.000000e+00
9.440000e+00	1.015000e+01	0.000000e+00	0.000000e+00	0.000000e+00
1.015000e+01	1.086000e+01	0.000000e+00	0.000000e+00	0.000000e+00
1.086000e+01	1.157000e+01	0.000000e+00	0.000000e+00	0.000000e+00
1.157000e+01	1.228000e+01	0.000000e+00	0.000000e+00	0.000000e+00
1.228000e+01	1.299000e+01	0.000000e+00	0.000000e+00	0.000000e+00
1.299000e+01	1.370000e+01	0.000000e+00	0.000000e+00	0.000000e+00
1.370000e+01	1.441000e+01	0.000000e+00	0.000000e+00	0.000000e+00
1.441000e+01	1.512000e+01	0.000000e+00	0.000000e+00	0.000000e+00
1.512000e+01	1.583000e+01	0.000000e+00	0.000000e+00	0.000000e+00
1.583000e+01	1.654000e+01	0.000000e+00	0.000000e+00	0.000000e+00
1.654000e+01	1.725000e+01	0.000000e+00	0.000000e+00	0.000000e+00
1.725000e+01	1.796000e+01	0.000000e+00	0.000000e+00	0.000000e+00
1.796000e+01	1.867000e+01	0.000000e+00	0.000000e+00	0.000000e+00
1.867000e+01	1.938000e+01	0.000000e+00	0.000000e+00	0.000000e+00
1.938000e+01	2.009000e+01	0.000000e+00	0.000000e+00	0.000000e+00
2.009000e+01	2.080000e+01	0.000000e+00	0.000000e+00	0.000000e+00
2.080000e+01	2.151000e+01	0.000000e+00	0.000000e+00	0.000000e+00
2.151000e+01	2.222000e+01	0.000000e+00	0.000000e+00	0.000000e+00
2.222000e+01	2.293000e+01	0.000000e+00	0.000000e+00	0.000000e+00
2.293000e+01	2.364000e+01	0.000000e+00	0.000000e+00	0.000000e+00
2.364000e+01	2.435000e+01	7.042254e-05	7.042254e-05	7.042254e-05
2.435000e+01	2.506000e+01	0.000000e+00	0.000000e+00	0.000000e+00
2.506000e+01	2.577000e+01	0.000000e+00	0.000000e+00	0.000000e+00
2.577000e+01	2.648000e+01	2.112676e-04	1.219754e-04	1.219754e-04
2.648000e+01	2.719000e+01	0.000000e+00	0.000000e+00	0.000000e+00
2.719000e+01	2.790000e+01	0.000000e+00	0.000000e+00	0.000000e+00
2.790000e+01	2.861000e+01	1.478873e-03	3.227166e-04	3.227166e-04
2.861000e+01	2.932000e+01	0.000000e+00	0.000000e+00	0.000000e+00
2.932000e+01	3.003000e+01	5.633803e-03	6.298783e-04	6.298783e-04
3.003000e+01	3.074000e+01	0.000000e+00	0.000000e+00	0.000000e+00
3.074000e+01	3.145000e+01	0.000000e+00	0.000000e+00	0.000000e+00
3.145000e+01	3.216000e+01	1.500000e-02	1.027783e-03	1.027783e-03
3.216000e+01	3.287000e+01	0.000000e+00	0.000000e+00	0.000000e+00
3.287000e+01	3.358000e+01	0.000000e+00	0.000000e+00	0.000000e+00
3.358000e+01	3.429000e+01	2.478873e-02	1.321244e-03	1.321244e-03
3.429000e+01	3.500000e+01	0.000000e+00	0.000000e+00	0.000000e+00
3.500000e+01	3.571000e+01	0.000000e+00	0.000000e+00	0.000000e+00
3.571000e+01	3.642000e+01	3.845070e-02	1.645538e-03	1.645538e-03
3.642000e+01	3.713000e+01	0.000000e+00	0.000000e+00	0.000000e+00
3.713000e+01	3.784000e+01	0.000000e+00	0.000000e+00	0.000000e+00
3.784000e+01	3.855000e+01	1.038028e-01	2.703712e-03	2.703712e-03
3.855000e+01	3.926000e+01	0.000000e+00	0.000000e+00	0.000000e+00
3.926000e+01	3.997000e+01	0.000000e+00	0.000000e+00	0.000000e+00
3.997000e+01	4.068000e+01	2.416901e-01	4.125583e-03	4.125583e-03
4.068000e+01	4.139000e+01	0.000000e+00	0.000000e+00	0.000000e+00
4.139000e+01	4.210000e+01	3.723239e-01	5.120546e-03	5.120546e-03
4.210000e+01	4.281000e+01	0.000000e+00	0.000000e+00	0.000000e+00
4.281000e+01	4.352000e+01	0.000000e+00	0.000000e+00	0.000000e+00
4.352000e+01	4.423000e+01	3.288732e-01	4.812493e-03	4.812493e-03
4.423000e+01	4.494000e+01	0.000000e+00	0.000000e+00	0.000000e+00
4.494000e+01	4.565000e+01	0.000000e+00	0.000000e+00	0.000000e+00
4.565000e+01	4.636000e+01	1.789437e-01	3.549883e-03	3.549883e-03
4.636000e+01	4.707000e+01	0.000000e+00	0.000000e+00	0.000000e+00
4.707000e+01	4.778000e+01	0.000000e+00	0.000000e+00	0.000000e+00
4.778000e+01	4.849000e+01	6.908451e-02	2.205699e-03	2.205699e-03
4.849000e+01	4.920000e+01	0.000000e+00	0.000000e+00	0.000000e+00
4.920000e+01	4.991000e+01	0.000000e+00	0.000000e+00	0.000000e+00
4.991000e+01	5.062000e+01	2.147887e-02	1.229877e-03	1.229877e-03
5.062000e+01	5.133000e+01	0.000000e+00	0.000000e+00	0.000000e+00
5.133000e+01	5.204000e+01	5.985915e-03	6.492637e-04	6.492637e-04
5.204000e+01	5.275000e+01	0.000000e+00	0.000000e+00	0.000000e+00
5.275000e+01	5.346000e+01	0.000000e+00	0.000000e+00	0.000000e+00
5.346000e+01	5.417000e+01	5.633803e-04	1.991850e-04	1.991850e-04
5.417000e+01	5.488000e+01	0.000000e+00	0.000000e+00	0.000000e+00
5.488000e+01	5.559000e+01	0.000000e+00	0.000000e+00	0.000000e+00
5.559000e+01	5.630000e+01	7.042254e-05	7.042254e-05	7.042254e-05
5.630000e+01	5.701000e+01	0.000000e+00	0.000000e+00	0.000000e+00
5.701000e+01	5.772000e+01	0.000000e+00	0.000000e+00	0.000000e+00
5.772000e+01	5.843000e+01	0.000000e+00	0.000000e+00	0.000000e+00
5.843000e+01	5.914000e+01	0.000000e+00	0.000000e+00	0.000000e+00
5.914000e+01	5.985000e+01	0.000000e+00	0.000000e+00	0.000000e+00
5.985000e+01	6.056000e+01	0.000000e+00	0.000000e+00	0.000000e+00
6.056000e+01	6.127000e+01	0.000000e+00	0.000000e+00	0.000000e+00
6.127000e+01	6.198000e+01	0.000000e+00	0.000000e+00	0.000000e+00
6.198000e+01	6.269000e+01	0.000000e+00	0.000000e+00	0.000000e+00
6.269000e+01	6.340000e+01	0.000000e+00	0.000000e+00	0.000000e+00
6.340000e+01	6.411000e+01	0.000000e+00	0.000000e+00	0.000000e+00
6.411000e+01	6.482000e+01	0.000000e+00	0.000000e+00	0.000000e+00
6.482000e+01	6.553000e+01	0.000000e+00	0.000000e+00	0.000000e+00
6.553000e+01	6.624000e+01	0.000000e+00	0.000000e+00	0.000000e+00
6.624000e+01	6.695000e+01	0.000000e+00	0.000000e+00	0.000000e+00
6.695000e+01	6.766000e+01	0.000000e+00	0.000000e+00	0.000000e+00
6.766000e+01	6.837000e+01	0.000000e+00	0.000000e+00	0.000000e+00
6.837000e+01	6.908000e+01	0.000000e+00	0.000000e+00	0.000000e+00
6.908000e+01	6.979000e+01	0.000000e+00	0.000000e+00	0.000000e+00
6.979000e+01	7.050000e+01	0.000000e+00	0.000000e+00	0.000000e+00
# END HISTO1D

# BEGIN HISTO1D //afs/cern.ch/user/d/dsatco/herbvi6500/yoda_files/40TeV_iproc7099_mmht2014.yoda/MY_ANALYSIS_NUMBER/W_bosons
ErrorBars=1
LineColor=green
LineStyle=solid
Path=//afs/cern.ch/user/d/dsatco/herbvi6500/yoda_files/40TeV_iproc7099_mmht2014.yoda/MY_ANALYSIS_NUMBER/W_bosons
ScaledBy=5.00000000000000024e-05
Title=mmht2014
XLabel=
YLabel=
# xlow	 xhigh	 val	 errminus	 errplus
-5.000000e-01	2.100000e-01	0.000000e+00	0.000000e+00	0.000000e+00
2.100000e-01	9.200000e-01	0.000000e+00	0.000000e+00	0.000000e+00
9.200000e-01	1.630000e+00	0.000000e+00	0.000000e+00	0.000000e+00
1.630000e+00	2.340000e+00	0.000000e+00	0.000000e+00	0.000000e+00
2.340000e+00	3.050000e+00	0.000000e+00	0.000000e+00	0.000000e+00
3.050000e+00	3.760000e+00	0.000000e+00	0.000000e+00	0.000000e+00
3.760000e+00	4.470000e+00	0.000000e+00	0.000000e+00	0.000000e+00
4.470000e+00	5.180000e+00	0.000000e+00	0.000000e+00	0.000000e+00
5.180000e+00	5.890000e+00	0.000000e+00	0.000000e+00	0.000000e+00
5.890000e+00	6.600000e+00	0.000000e+00	0.000000e+00	0.000000e+00
6.600000e+00	7.310000e+00	0.000000e+00	0.000000e+00	0.000000e+00
7.310000e+00	8.020000e+00	0.000000e+00	0.000000e+00	0.000000e+00
8.020000e+00	8.730000e+00	0.000000e+00	0.000000e+00	0.000000e+00
8.730000e+00	9.440000e+00	0.000000e+00	0.000000e+00	0.000000e+00
9.440000e+00	1.015000e+01	0.000000e+00	0.000000e+00	0.000000e+00
1.015000e+01	1.086000e+01	0.000000e+00	0.000000e+00	0.000000e+00
1.086000e+01	1.157000e+01	0.000000e+00	0.000000e+00	0.000000e+00
1.157000e+01	1.228000e+01	0.000000e+00	0.000000e+00	0.000000e+00
1.228000e+01	1.299000e+01	0.000000e+00	0.000000e+00	0.000000e+00
1.299000e+01	1.370000e+01	0.000000e+00	0.000000e+00	0.000000e+00
1.370000e+01	1.441000e+01	0.000000e+00	0.000000e+00	0.000000e+00
1.441000e+01	1.512000e+01	0.000000e+00	0.000000e+00	0.000000e+00
1.512000e+01	1.583000e+01	0.000000e+00	0.000000e+00	0.000000e+00
1.583000e+01	1.654000e+01	0.000000e+00	0.000000e+00	0.000000e+00
1.654000e+01	1.725000e+01	0.000000e+00	0.000000e+00	0.000000e+00
1.725000e+01	1.796000e+01	0.000000e+00	0.000000e+00	0.000000e+00
1.796000e+01	1.867000e+01	0.000000e+00	0.000000e+00	0.000000e+00
1.867000e+01	1.938000e+01	0.000000e+00	0.000000e+00	0.000000e+00
1.938000e+01	2.009000e+01	0.000000e+00	0.000000e+00	0.000000e+00
2.009000e+01	2.080000e+01	0.000000e+00	0.000000e+00	0.000000e+00
2.080000e+01	2.151000e+01	0.000000e+00	0.000000e+00	0.000000e+00
2.151000e+01	2.222000e+01	0.000000e+00	0.000000e+00	0.000000e+00
2.222000e+01	2.293000e+01	0.000000e+00	0.000000e+00	0.000000e+00
2.293000e+01	2.364000e+01	0.000000e+00	0.000000e+00	0.000000e+00
2.364000e+01	2.435000e+01	7.042254e-05	7.042254e-05	7.042254e-05
2.435000e+01	2.506000e+01	0.000000e+00	0.000000e+00	0.000000e+00
2.506000e+01	2.577000e+01	0.000000e+00	0.000000e+00	0.000000e+00
2.577000e+01	2.648000e+01	2.816901e-04	1.408451e-04	1.408451e-04
2.648000e+01	2.719000e+01	0.000000e+00	0.000000e+00	0.000000e+00
2.719000e+01	2.790000e+01	0.000000e+00	0.000000e+00	0.000000e+00
2.790000e+01	2.861000e+01	1.478873e-03	3.227166e-04	3.227166e-04
2.861000e+01	2.932000e+01	0.000000e+00	0.000000e+00	0.000000e+00
2.932000e+01	3.003000e+01	4.295775e-03	5.500176e-04	5.500176e-04
3.003000e+01	3.074000e+01	0.000000e+00	0.000000e+00	0.000000e+00
3.074000e+01	3.145000e+01	0.000000e+00	0.000000e+00	0.000000e+00
3.145000e+01	3.216000e+01	1.345070e-02	9.732588e-04	9.732588e-04
3.216000e+01	3.287000e+01	0.000000e+00	0.000000e+00	0.000000e+00
3.287000e+01	3.358000e+01	0.000000e+00	0.000000e+00	0.000000e+00
3.358000e+01	3.429000e+01	2.795775e-02	1.403159e-03	1.403159e-03
3.429000e+01	3.500000e+01	0.000000e+00	0.000000e+00	0.000000e+00
3.500000e+01	3.571000e+01	0.000000e+00	0.000000e+00	0.000000e+00
3.571000e+01	3.642000e+01	4.140845e-02	1.707656e-03	1.707656e-03
3.642000e+01	3.713000e+01	0.000000e+00	0.000000e+00	0.000000e+00
3.713000e+01	3.784000e+01	0.000000e+00	0.000000e+00	0.000000e+00
3.784000e+01	3.855000e+01	9.838028e-02	2.632145e-03	2.632145e-03
3.855000e+01	3.926000e+01	0.000000e+00	0.000000e+00	0.000000e+00
3.926000e+01	3.997000e+01	0.000000e+00	0.000000e+00	0.000000e+00
3.997000e+01	4.068000e+01	2.525352e-01	4.217128e-03	4.217128e-03
4.068000e+01	4.139000e+01	0.000000e+00	0.000000e+00	0.000000e+00
4.139000e+01	4.210000e+01	3.773239e-01	5.154814e-03	5.154814e-03
4.210000e+01	4.281000e+01	0.000000e+00	0.000000e+00	0.000000e+00
4.281000e+01	4.352000e+01	0.000000e+00	0.000000e+00	0.000000e+00
4.352000e+01	4.423000e+01	3.266197e-01	4.795976e-03	4.795976e-03
4.423000e+01	4.494000e+01	0.000000e+00	0.000000e+00	0.000000e+00
4.494000e+01	4.565000e+01	0.000000e+00	0.000000e+00	0.000000e+00
4.565000e+01	4.636000e+01	1.716901e-01	3.477191e-03	3.477191e-03
4.636000e+01	4.707000e+01	0.000000e+00	0.000000e+00	0.000000e+00
4.707000e+01	4.778000e+01	0.000000e+00	0.000000e+00	0.000000e+00
4.778000e+01	4.849000e+01	6.507042e-02	2.140660e-03	2.140660e-03
4.849000e+01	4.920000e+01	0.000000e+00	0.000000e+00	0.000000e+00
4.920000e+01	4.991000e+01	0.000000e+00	0.000000e+00	0.000000e+00
4.991000e+01	5.062000e+01	2.077465e-02	1.209547e-03	1.209547e-03
5.062000e+01	5.133000e+01	0.000000e+00	0.000000e+00	0.000000e+00
5.133000e+01	5.204000e+01	5.704225e-03	6.338028e-04	6.338028e-04
5.204000e+01	5.275000e+01	0.000000e+00	0.000000e+00	0.000000e+00
5.275000e+01	5.346000e+01	0.000000e+00	0.000000e+00	0.000000e+00
5.346000e+01	5.417000e+01	1.338028e-03	3.069647e-04	3.069647e-04
5.417000e+01	5.488000e+01	0.000000e+00	0.000000e+00	0.000000e+00
5.488000e+01	5.559000e+01	0.000000e+00	0.000000e+00	0.000000e+00
5.559000e+01	5.630000e+01	7.042254e-05	7.042254e-05	7.042254e-05
5.630000e+01	5.701000e+01	0.000000e+00	0.000000e+00	0.000000e+00
5.701000e+01	5.772000e+01	0.000000e+00	0.000000e+00	0.000000e+00
5.772000e+01	5.843000e+01	0.000000e+00	0.000000e+00	0.000000e+00
5.843000e+01	5.914000e+01	0.000000e+00	0.000000e+00	0.000000e+00
5.914000e+01	5.985000e+01	0.000000e+00	0.000000e+00	0.000000e+00
5.985000e+01	6.056000e+01	0.000000e+00	0.000000e+00	0.000000e+00
6.056000e+01	6.127000e+01	0.000000e+00	0.000000e+00	0.000000e+00
6.127000e+01	6.198000e+01	0.000000e+00	0.000000e+00	0.000000e+00
6.198000e+01	6.269000e+01	0.000000e+00	0.000000e+00	0.000000e+00
6.269000e+01	6.340000e+01	0.000000e+00	0.000000e+00	0.000000e+00
6.340000e+01	6.411000e+01	0.000000e+00	0.000000e+00	0.000000e+00
6.411000e+01	6.482000e+01	0.000000e+00	0.000000e+00	0.000000e+00
6.482000e+01	6.553000e+01	0.000000e+00	0.000000e+00	0.000000e+00
6.553000e+01	6.624000e+01	0.000000e+00	0.000000e+00	0.000000e+00
6.624000e+01	6.695000e+01	0.000000e+00	0.000000e+00	0.000000e+00
6.695000e+01	6.766000e+01	0.000000e+00	0.000000e+00	0.000000e+00
6.766000e+01	6.837000e+01	0.000000e+00	0.000000e+00	0.000000e+00
6.837000e+01	6.908000e+01	0.000000e+00	0.000000e+00	0.000000e+00
6.908000e+01	6.979000e+01	0.000000e+00	0.000000e+00	0.000000e+00
6.979000e+01	7.050000e+01	0.000000e+00	0.000000e+00	0.000000e+00
# END HISTO1D

# BEGIN HISTO1D //afs/cern.ch/user/d/dsatco/herbvi6500/yoda_files/40TeV_iproc7099_nnpdf30.yoda/MY_ANALYSIS_NUMBER/W_bosons
ErrorBars=1
LineColor=orange
LineStyle=solid
Path=//afs/cern.ch/user/d/dsatco/herbvi6500/yoda_files/40TeV_iproc7099_nnpdf30.yoda/MY_ANALYSIS_NUMBER/W_bosons
ScaledBy=5.00000000000000024e-05
Title=nnpdf30
XLabel=
YLabel=
# xlow	 xhigh	 val	 errminus	 errplus
-5.000000e-01	2.100000e-01	0.000000e+00	0.000000e+00	0.000000e+00
2.100000e-01	9.200000e-01	0.000000e+00	0.000000e+00	0.000000e+00
9.200000e-01	1.630000e+00	0.000000e+00	0.000000e+00	0.000000e+00
1.630000e+00	2.340000e+00	0.000000e+00	0.000000e+00	0.000000e+00
2.340000e+00	3.050000e+00	0.000000e+00	0.000000e+00	0.000000e+00
3.050000e+00	3.760000e+00	0.000000e+00	0.000000e+00	0.000000e+00
3.760000e+00	4.470000e+00	0.000000e+00	0.000000e+00	0.000000e+00
4.470000e+00	5.180000e+00	0.000000e+00	0.000000e+00	0.000000e+00
5.180000e+00	5.890000e+00	0.000000e+00	0.000000e+00	0.000000e+00
5.890000e+00	6.600000e+00	0.000000e+00	0.000000e+00	0.000000e+00
6.600000e+00	7.310000e+00	0.000000e+00	0.000000e+00	0.000000e+00
7.310000e+00	8.020000e+00	0.000000e+00	0.000000e+00	0.000000e+00
8.020000e+00	8.730000e+00	0.000000e+00	0.000000e+00	0.000000e+00
8.730000e+00	9.440000e+00	0.000000e+00	0.000000e+00	0.000000e+00
9.440000e+00	1.015000e+01	0.000000e+00	0.000000e+00	0.000000e+00
1.015000e+01	1.086000e+01	0.000000e+00	0.000000e+00	0.000000e+00
1.086000e+01	1.157000e+01	0.000000e+00	0.000000e+00	0.000000e+00
1.157000e+01	1.228000e+01	0.000000e+00	0.000000e+00	0.000000e+00
1.228000e+01	1.299000e+01	0.000000e+00	0.000000e+00	0.000000e+00
1.299000e+01	1.370000e+01	0.000000e+00	0.000000e+00	0.000000e+00
1.370000e+01	1.441000e+01	0.000000e+00	0.000000e+00	0.000000e+00
1.441000e+01	1.512000e+01	0.000000e+00	0.000000e+00	0.000000e+00
1.512000e+01	1.583000e+01	0.000000e+00	0.000000e+00	0.000000e+00
1.583000e+01	1.654000e+01	0.000000e+00	0.000000e+00	0.000000e+00
1.654000e+01	1.725000e+01	0.000000e+00	0.000000e+00	0.000000e+00
1.725000e+01	1.796000e+01	0.000000e+00	0.000000e+00	0.000000e+00
1.796000e+01	1.867000e+01	0.000000e+00	0.000000e+00	0.000000e+00
1.867000e+01	1.938000e+01	0.000000e+00	0.000000e+00	0.000000e+00
1.938000e+01	2.009000e+01	0.000000e+00	0.000000e+00	0.000000e+00
2.009000e+01	2.080000e+01	0.000000e+00	0.000000e+00	0.000000e+00
2.080000e+01	2.151000e+01	0.000000e+00	0.000000e+00	0.000000e+00
2.151000e+01	2.222000e+01	7.042254e-05	7.042254e-05	7.042254e-05
2.222000e+01	2.293000e+01	0.000000e+00	0.000000e+00	0.000000e+00
2.293000e+01	2.364000e+01	0.000000e+00	0.000000e+00	0.000000e+00
2.364000e+01	2.435000e+01	2.816901e-04	1.408451e-04	1.408451e-04
2.435000e+01	2.506000e+01	0.000000e+00	0.000000e+00	0.000000e+00
2.506000e+01	2.577000e+01	0.000000e+00	0.000000e+00	0.000000e+00
2.577000e+01	2.648000e+01	2.112676e-04	1.219754e-04	1.219754e-04
2.648000e+01	2.719000e+01	0.000000e+00	0.000000e+00	0.000000e+00
2.719000e+01	2.790000e+01	0.000000e+00	0.000000e+00	0.000000e+00
2.790000e+01	2.861000e+01	1.901408e-03	3.659262e-04	3.659262e-04
2.861000e+01	2.932000e+01	0.000000e+00	0.000000e+00	0.000000e+00
2.932000e+01	3.003000e+01	5.704225e-03	6.338028e-04	6.338028e-04
3.003000e+01	3.074000e+01	0.000000e+00	0.000000e+00	0.000000e+00
3.074000e+01	3.145000e+01	0.000000e+00	0.000000e+00	0.000000e+00
3.145000e+01	3.216000e+01	1.408451e-02	9.959250e-04	9.959250e-04
3.216000e+01	3.287000e+01	0.000000e+00	0.000000e+00	0.000000e+00
3.287000e+01	3.358000e+01	0.000000e+00	0.000000e+00	0.000000e+00
3.358000e+01	3.429000e+01	2.323944e-02	1.279289e-03	1.279289e-03
3.429000e+01	3.500000e+01	0.000000e+00	0.000000e+00	0.000000e+00
3.500000e+01	3.571000e+01	0.000000e+00	0.000000e+00	0.000000e+00
3.571000e+01	3.642000e+01	4.154930e-02	1.710557e-03	1.710557e-03
3.642000e+01	3.713000e+01	0.000000e+00	0.000000e+00	0.000000e+00
3.713000e+01	3.784000e+01	0.000000e+00	0.000000e+00	0.000000e+00
3.784000e+01	3.855000e+01	1.078169e-01	2.755493e-03	2.755493e-03
3.855000e+01	3.926000e+01	0.000000e+00	0.000000e+00	0.000000e+00
3.926000e+01	3.997000e+01	0.000000e+00	0.000000e+00	0.000000e+00
3.997000e+01	4.068000e+01	2.447887e-01	4.151944e-03	4.151944e-03
4.068000e+01	4.139000e+01	0.000000e+00	0.000000e+00	0.000000e+00
4.139000e+01	4.210000e+01	3.759155e-01	5.145184e-03	5.145184e-03
4.210000e+01	4.281000e+01	0.000000e+00	0.000000e+00	0.000000e+00
4.281000e+01	4.352000e+01	0.000000e+00	0.000000e+00	0.000000e+00
4.352000e+01	4.423000e+01	3.254225e-01	4.787179e-03	4.787179e-03
4.423000e+01	4.494000e+01	0.000000e+00	0.000000e+00	0.000000e+00
4.494000e+01	4.565000e+01	0.000000e+00	0.000000e+00	0.000000e+00
4.565000e+01	4.636000e+01	1.738028e-01	3.498519e-03	3.498519e-03
4.636000e+01	4.707000e+01	0.000000e+00	0.000000e+00	0.000000e+00
4.707000e+01	4.778000e+01	0.000000e+00	0.000000e+00	0.000000e+00
4.778000e+01	4.849000e+01	6.570423e-02	2.151060e-03	2.151060e-03
4.849000e+01	4.920000e+01	0.000000e+00	0.000000e+00	0.000000e+00
4.920000e+01	4.991000e+01	0.000000e+00	0.000000e+00	0.000000e+00
4.991000e+01	5.062000e+01	2.098592e-02	1.215681e-03	1.215681e-03
5.062000e+01	5.133000e+01	0.000000e+00	0.000000e+00	0.000000e+00
5.133000e+01	5.204000e+01	5.915493e-03	6.454332e-04	6.454332e-04
5.204000e+01	5.275000e+01	0.000000e+00	0.000000e+00	0.000000e+00
5.275000e+01	5.346000e+01	0.000000e+00	0.000000e+00	0.000000e+00
5.346000e+01	5.417000e+01	9.154930e-04	2.539121e-04	2.539121e-04
5.417000e+01	5.488000e+01	0.000000e+00	0.000000e+00	0.000000e+00
5.488000e+01	5.559000e+01	0.000000e+00	0.000000e+00	0.000000e+00
5.559000e+01	5.630000e+01	1.408451e-04	9.959250e-05	9.959250e-05
5.630000e+01	5.701000e+01	0.000000e+00	0.000000e+00	0.000000e+00
5.701000e+01	5.772000e+01	0.000000e+00	0.000000e+00	0.000000e+00
5.772000e+01	5.843000e+01	0.000000e+00	0.000000e+00	0.000000e+00
5.843000e+01	5.914000e+01	0.000000e+00	0.000000e+00	0.000000e+00
5.914000e+01	5.985000e+01	0.000000e+00	0.000000e+00	0.000000e+00
5.985000e+01	6.056000e+01	0.000000e+00	0.000000e+00	0.000000e+00
6.056000e+01	6.127000e+01	0.000000e+00	0.000000e+00	0.000000e+00
6.127000e+01	6.198000e+01	0.000000e+00	0.000000e+00	0.000000e+00
6.198000e+01	6.269000e+01	0.000000e+00	0.000000e+00	0.000000e+00
6.269000e+01	6.340000e+01	0.000000e+00	0.000000e+00	0.000000e+00
6.340000e+01	6.411000e+01	0.000000e+00	0.000000e+00	0.000000e+00
6.411000e+01	6.482000e+01	0.000000e+00	0.000000e+00	0.000000e+00
6.482000e+01	6.553000e+01	0.000000e+00	0.000000e+00	0.000000e+00
6.553000e+01	6.624000e+01	0.000000e+00	0.000000e+00	0.000000e+00
6.624000e+01	6.695000e+01	0.000000e+00	0.000000e+00	0.000000e+00
6.695000e+01	6.766000e+01	0.000000e+00	0.000000e+00	0.000000e+00
6.766000e+01	6.837000e+01	0.000000e+00	0.000000e+00	0.000000e+00
6.837000e+01	6.908000e+01	0.000000e+00	0.000000e+00	0.000000e+00
6.908000e+01	6.979000e+01	0.000000e+00	0.000000e+00	0.000000e+00
6.979000e+01	7.050000e+01	0.000000e+00	0.000000e+00	0.000000e+00
# END HISTO1D

